1,0.4193685761436998,-1.4558320852119127
1,-0.16235850119233508,-0.8620908154107921
1,1.5931187616515705,0.26345853845374045
1,2.11800766556413,2.0467082210344385
1,0.384357193364549,2.4482339266762803
1,1.6962848373041086,-0.13508665610207327
1,0.03782997226389262,-0.14369781250623925
1,2.495120541280605,2.6906547200599102
1,0.5997831236672999,0.6441428476447042
1,0.860256441522724,0.5478614808628949
1,0.39848312866174285,1.9764364087185453
1,1.3013903437053274,-0.12640154899685496
1,0.4214896870435009,-0.418192311770646
1,0.44009048173167803,0.06781561028311578
1,0.2727931454791718,0.20020507342646754
1,-0.040872557671047915,1.3111832266263783
1,0.8299552203196034,3.2770490842091595
1,1.0759551399986118,1.2428086035844774
1,0.7870678154417489,-0.8672217938477705
1,2.4606412058396905,1.2195871308169532
1,-0.8996860770096428,-1.3751703998520042
1,2.947246641563104,3.76232459260653
1,0.22834226699527305,0.7176948471127845
1,2.2523029096995795,3.2938546666266513
1,-0.11925820417105182,1.0960705869892844
1,0.5637959126603866,-0.3422413675482677
1,2.128870840362466,1.9088555244757854
1,-0.7490052563000021,1.192232543410909
1,-1.186061510574406,-1.0586270395879898
1,0.9844871153970135,0.4462595614840198
1,1.73510221689483,1.637523036573838
1,1.6929175388764042,2.0647963969279433
1,2.8675468653131597,0.8784853844968947
1,2.0479804041445613,1.3610708086904717
1,2.180387200459396,0.8690801138473199
1,2.435815743419693,2.9303388877405188
1,0.015582525622848786,0.4907049144282238
1,-1.4570134221412374,-0.5933234314136503
1,1.4600720988818103,1.7570741240832857
1,0.49351297860937415,0.641621365362655
1,1.6935195699204053,0.5530571341459455
1,0.6615725134654297,0.6279382405056588
1,1.268075520783291,0.46168091508413944
1,1.4154259843877983,-0.3029495941961854
1,2.2728524683367923,0.761686291337014
1,4.317936096275448,4.950969945022411
1,-0.7730854905542918,1.8452068560703658
1,0.12428815504542234,0.7159656587675488
1,0.6873349386001418,0.9822134737224839
1,-0.31472699797970527,0.45497886973535534
1,1.3578808652394394,2.3102118099144437
1,1.5326304911355866,1.9206565678111827
1,0.9518569080676745,0.9392584693570838
1,-2.0249042837968374,-0.5570977635072089
1,3.7418826656557713,2.724186481206404
1,2.936193103170127,2.357192383646138
1,-0.920618115423019,-0.5891805606650308
1,-0.44899607829736954,0.047920258270970684
1,1.4651892384605727,2.485802165795199
1,1.6147517588201565,0.2568022332964395
1,1.7604947940566027,0.7064470091809456
1,1.5857931651261903,-0.5715233819255602
1,1.3836158718699023,2.3244143268437805
1,0.32818542501978143,0.9935818204874972
1,0.6741083538678339,-0.5116217488444849
1,4.102873702698595,0.19261145647230082
1,0.6163751151556238,1.267947642157293
1,1.047302903775259,0.15292700705834306
1,0.27470586248864426,2.2449530976406566
1,1.2024800584253774,2.0520492186406436
1,-1.5628127541364494,-0.4085491898515453
1,-0.4420995394860693,1.9625021847628465
1,0.15879003767352473,0.4355026413002973
1,0.7937381024685848,0.22576065470467643
1,1.1796194453498596,0.737666824519067
1,-0.6848460337224268,0.9401062227406253
1,0.49955118501156975,0.8572478900647557
1,3.055447212906826,3.028793150184277
1,0.8958346279561772,1.00419035487178
1,3.3426969884445383,0.2761982926035915
1,2.4251516550645698,1.6192925701054326
1,-1.803632236077465,-1.6181913566243002
1,2.9746831018938478,3.149772350860782
1,1.435098444410376,1.884482101126106
1,-0.9962626531490083,0.9647803520227765
1,0.1753003219398661,1.8535400409757432
1,0.5246538588511004,1.5683376035518442
1,2.683412322563061,0.3466642203260786
1,0.06193308845439527,1.4288536176948003
1,1.4936183328387544,1.2480681246686578
1,0.7669297953362544,-1.2847553290340414
1,0.19848724783681382,0.6739991308695318
1,0.7617870936074224,0.02076310726525543
1,0.5326042236536044,-0.5959801674440438
1,0.7925448008475344,1.4323802967246122
1,1.1762169809110916,-0.9088945839127952
1,2.3847003192983975,0.9204507924058598
1,2.7214955848402,3.1486689570895003
1,-0.6332606816897438,0.4300260433544347
1,-0.10388695759768984,0.5662197491535779
1,0.758780168244478,-0.1554543227186117
1,-0.051769601948262634,0.059314789913263555
1,1.9853611394511521,2.1426601353899954
1,1.1470959935387386,1.7538081863249317
1,2.3112388325039426,1.189677892232569
1,1.9404492688844939,0.4708226456932282
1,2.097159090596611,-0.1425807805297704
1,2.3640417234362685,3.0782256222429987
1,3.0052292299268593,0.6545100960502378
1,2.570822076381209,0.4440724863916674
1,3.07818062844887,1.554021368948617
1,0.8881608509444956,0.17502247862205278
1,2.6314227095947524,2.006356444545522
1,1.1698620343918384,0.23170124079812926
1,1.820331427550647,-1.7676221660636502
1,-1.562773908747399,-0.289184366029304
1,2.3919081161997235,1.2197566078290267
1,1.3381246818394292,-0.8028816987477604
1,0.6950023559761256,0.6751410599129672
1,2.2935206962702974,-0.11935883974083306
1,2.5104172883923956,1.5046827566388419
1,3.4364749557117156,2.424298035749949
1,0.9350796397129174,0.6001633597597088
1,1.5470988803642212,0.9637917542499994
1,2.4186159583013023,3.1267914456920693
1,0.5151284313738063,0.7700332797758045
1,0.8358844671814554,2.31452365088355
1,1.1026705954207774,1.6757861469454713
1,-0.3105225831098887,1.2805573765086957
1,0.6064425242735756,-0.8856255014114908
1,0.9227966265866901,1.1907956313295411
1,1.2682862755253015,2.242982007412927
1,0.9742240879309071,0.66839120077189
1,-0.15579808879068013,-0.5097031562087643
1,0.34791620899528997,-0.4048334495473299
1,0.2585751835523039,0.34208259773253635
1,0.23495084544761935,-0.10839802633708928
1,0.3410138022667578,-0.5171007807171389
1,2.3622581528393876,1.912488291158358
1,-0.8680964977697107,-0.08256369940359809
1,1.3577846419945387,2.0956399180070755
1,1.9817686380247945,3.2299177127211585
1,1.268318735234704,-0.23708089460582482
1,-0.7128407203019412,2.2693644863858777
1,0.07142637685138409,2.4090642588067297
1,1.9430402252032546,2.5315431827723427
1,2.0654728422983246,1.8457059944991834
1,2.5376634605765207,3.522816543557634
1,-0.26107310064070355,0.35919287368352926
1,-1.0880492986206676,-0.5619995349824848
1,1.165879683167565,0.6046130787066377
1,2.8304094381964497,2.2173400910994236
1,-0.30915890473081153,0.26214623049484576
1,0.20613725633594604,1.860492994804202
1,3.0097694514982756,1.3998347492353962
1,-0.9273098414543092,-2.214896102582397
1,1.4686860978649843,1.7033773260057135
1,0.6165917909768328,1.0921895756811724
1,0.36641953969358665,0.9425164404696476
1,1.49632483841462,3.449433700648743
1,0.7080554313085381,1.5189088622032285
1,0.6561989333830374,0.7137334488013011
1,0.29662257511118084,1.22875862765932
1,2.207364288154585,1.2241801736110096
1,0.5452752615237499,-0.5538691142237361
1,-0.6582797188413344,-1.4213040700066548
1,-0.7710416317381367,-0.35231873993560947
1,1.6411188507804537,1.612842126762735
1,2.4554800802527854,3.34269839895114
1,1.343571680093632,1.4117714230118976
1,2.2544255060535323,2.2421186556319745
1,2.0369180193845002,0.2864822961632211
1,1.8067064914774993,2.677482737278085
1,1.4349821792657749,2.100682715662678
1,-0.579521654090981,-0.9673124988798248
1,2.7091460186786196,0.7310463510416181
1,0.4167073773952739,-0.664552022559478
1,3.3287937307172637,2.419500029785536
1,3.168836288788413,2.7403965948707922
1,0.9160498142069451,-0.9671350211298978
1,0.1140430696497241,-1.5690331548706733
1,0.8105548580580724,1.7689806173236384
1,-1.1398491959708972,0.06230215409780515
1,0.3602228082540402,0.7938332653662081
1,2.3710832366055477,2.0439862033359466
1,0.6700941724618239,0.5519584261371109
1,2.539270055798633,3.351528500038494
1,1.1560858479051506,0.820560688346155
1,2.480281877370876,0.9581608156707144
1,1.421520648002268,1.198022390816881
1,0.6849997864209219,0.7653728891238598
1,1.7361743304801798,-0.5888297453376569
1,1.2549710431748324,-0.8160219160641856
1,-0.1514590723472652,-0.08731682560263099
1,-0.5866028876573474,-0.08778730049442207
1,0.5984687105226123,-0.6212673027933783
1,-0.4692424111441039,1.7150190328887573
1,-0.906264847175405,1.898065929179126
1,-0.7687625840556137,1.9122379408992876
1,-0.038345760779033955,-1.1082642554771454
1,1.1447768819196926,2.139853777681313
1,0.6982244451834936,2.097742516555711
1,-0.4613222480933953,-2.1328088714600115
1,-0.3310659850187744,-0.24919548593088858
1,-1.2148898623708235,-0.7016350219094344
1,1.4671974009603725,2.70503985490104
1,0.34415796013748345,-0.40484781374457046
1,0.5647458042242608,1.5939188476653072
1,-0.3223069482724604,0.7685398949579434
1,2.9697525571562147,2.9655427878298157
1,-0.6408794001643964,-0.7243948905637468
1,-0.5710077025718051,0.925421279514546
1,0.62290389139261,2.0984950646545975
1,0.3409815782253709,1.8739736147540504
1,2.4910766081514355,1.5159217198367998
1,0.407420171812521,0.8800765698092442
1,1.150379808789136,1.6807462840279328
1,0.640725213874124,1.0816164216860633
1,-0.9061976180176455,0.13535863695268668
1,-0.20521133816555703,-1.2933514950632832
1,2.8786895280374973,2.1219747498157817
1,-1.0009562307789475,1.663580078021697
1,-1.1884019146562532,-1.1365407909038296
1,0.9641354219012381,1.4890273310233186
1,-0.33264752244367257,0.2645930084102224
1,-0.2517233317545652,0.5132610871159651
1,1.137898804822326,0.9615992190769221
1,-0.0349044912278641,2.5310413061316264
1,2.1131383798637726,0.97850839790061
1,0.4529832442814889,-2.625369902030361
1,0.5513039034770288,1.543949003915308
1,0.29414123081090915,0.2933134404386395
1,2.0044634032271804,2.297082837951321
1,-0.5054393139994736,-1.4210234394777976
1,0.42113850069601916,0.22565814819924845
1,0.3802462792175789,1.5289125809128923
1,0.06868000642219452,0.42130591785484445
1,1.068412796867861,2.526622865355039
1,-0.5433090485112905,0.6918459510081706
1,-1.0495367512372935,-0.17126048362529633
1,-1.6331582598629448,0.755164143521641
1,1.152569709363834,0.008832142021473421
1,-0.0754888922568786,0.14672756876576465
1,2.4647277594713275,-0.4313507384778511
1,2.3923745874073936,2.7695237827970964
1,-1.200193540034372,-0.8373784372620726
1,0.8750365213820167,1.2294792209923586
1,0.3018012920278489,1.443797687048867
1,2.808917453131166,2.585724830453208
1,1.751947086070989,2.3236138649823244
1,0.9931450626969031,0.9610165998400512
1,0.9540247095988228,0.9557412520814782
1,2.118503954906106,2.5279133781152487
1,0.454903716641535,1.6892314041509815
1,-2.9905077835649627,-1.2043605643804365
1,3.1329100059986956,2.0309653425838414
1,0.052285066104807654,-0.20706987295470325
1,0.927065100110179,0.9984779227547194
1,0.35550362127717894,-0.4973116031673114
1,2.6142982216148685,-1.13390498046466
1,0.8168174248752007,0.8977621927162871
1,-0.10735754259577035,2.316480312125198
1,-0.06338669298126332,0.9319442189672739
1,1.1240195613702586,0.9494860207804171
1,1.8232733560297683,2.389107219908461
1,2.164249959857464,-0.025971035397072795
1,-0.46151891229712316,0.6628835291733416
1,0.488187083472049,0.4556063714249711
1,0.8015928217896982,1.5085442783617458
1,1.8543859031356495,2.254494415809329
1,1.8421369319420242,2.0500114989585922
1,1.5039219370213217,2.7527606324813876
1,-0.3470170498735491,0.7765623603640589
1,0.6867155394670456,1.1354200535529515
1,-0.6112270758639234,0.4538236947863252
1,0.6516074219580079,0.37469177652522145
1,2.180946551297289,1.01413321017726
1,2.0560588402595523,1.6739311361429605
1,0.8798769821153184,0.10632075982028177
1,-0.49863285445228167,-0.5045107582554157
1,3.3249679246998554,2.7350891675703313
1,4.370655639244738,1.7912261338246398
1,2.5937877537636687,1.7714130520614673
1,1.7796944492065292,-0.6858219361550545
1,2.395772621610375,2.80374676705609
1,0.06773297874314677,3.160043067526047
1,1.4155804401471435,1.741250587938568
1,0.8311430780825599,1.271503581842917
1,0.914834400820032,2.411151742239908
1,0.7290098536333101,0.9877778667219245
1,-0.02179722961359698,-1.2333067233490898
1,0.8124285910835233,0.3228866129901232
1,1.4696038031622431,2.6159953872474166
1,0.4792486391098868,0.5759086012395946
1,1.8794947021413857,-0.2567189971792757
1,1.1283559912809684,1.2252552546919413
1,2.800384114074839,2.6095552833846516
1,2.5317746674471184,1.599608887944994
1,1.8556559811991096,2.1301756831844987
1,-0.7070522772396056,0.40523088968140686
1,-2.898452022449255,-0.42492264297279025
1,1.6983195264344118,0.8161178533784271
1,1.0182974430960914,1.93716303490314
1,0.7530669886371513,0.6807430351471954
1,0.4531815706325998,1.7795916453242562
1,0.33468249005189565,1.1582983812482488
1,-1.1179746755031577,-1.3832539603109049
1,1.49640415495019,-0.11638240918741982
1,2.768350048080393,1.9920044278350537
1,1.6057802839927202,3.010193711766994
1,-0.6110728567784388,0.8676035437981863
1,3.577602804611681,0.19001452694274135
1,0.8982060053292228,0.5075773834006112
1,0.9161796725377126,0.48865036760579356
1,2.242951546621716,3.7177607598099285
1,3.0271509218984547,1.3761080832582637
1,1.137104677468917,1.2986389729883372
1,1.4635135154304222,-0.38921075303125974
1,0.09822448130066586,-0.2790133738589672
1,1.603619573402247,0.36590602257205884
1,1.1694716676906376,1.0939721568292256
1,1.330129369672412,2.0052388257670533
1,0.9150882735601181,1.9408347655456737
1,0.41470003271580724,-0.955035439130366
1,2.0846167856140108,0.8672184824037587
1,-0.49897703766276125,-0.9015470545589878
1,1.4953631756120005,1.49731813080199
1,0.2116645417207792,1.4238362428516491
1,2.4050959596107258,2.9855664007362477
1,1.264552883616059,1.9974222853219676
1,0.44865445009319993,1.722758160825929
1,-1.1451869377885036,0.8471101092895867
1,3.1546725771563477,2.129118207551329
1,1.8318952563622966,0.5819889910918417
1,-0.5800300087476115,1.1284661538187946
1,0.11038740117298684,0.9618858740562315
1,-2.1509693165678856,0.19089345355145027
1,-0.8391094973990348,-0.4969841302027852
1,0.20179936036536938,1.7050943630130155
1,0.7925132144450434,2.308220410413388
1,1.8336321264276303,2.8869790513046056
1,0.5835299955802529,-0.7204186123864079
1,0.5211329737506483,2.3800485724582896
1,1.5231255158029573,0.8949542842780893
1,-1.139147300536108,0.6294006802359371
1,-2.205934863139655,-2.1847838568187394
1,1.7719459532114452,2.8419301196783495
1,3.207540501318611,1.8937390201162225
1,-0.35279562356494243,-0.38984000696821786
1,0.6974028446872629,0.4916865002641845
1,-0.33667530415652347,-0.8759285619406177
1,1.1940140364803704,0.638272849879915
1,-0.4879929842017102,0.609125385187353
1,0.8749144409294558,1.341215486283463
1,0.334791545255947,2.050426179893121
1,0.7898685664435772,1.7663185273575588
1,2.002221336843211,3.2831957378097365
1,-1.0320351823707878,0.8708424205724509
1,0.485356736339691,0.47667305936757864
1,2.9673478511055724,2.377018870938642
1,0.6748391095781734,1.8371032320420484
1,0.4699908757914707,0.05722372054692604
1,2.0675067906539635,0.9954410295049476
1,-0.9313278403011879,0.13800719272581774
1,0.1404410423832888,2.9107350642691707
1,1.3854332891820325,1.2383018678220716
1,0.6061492264519313,0.23463082302381955
1,0.8272594725213909,-0.4026766273618331
1,-0.8394109398813924,0.09818451352337809
1,0.7116849374151484,1.9873436624400518
1,1.9753948030156732,1.4933236553249591
1,-0.012332469998220574,2.1752743282242823
1,1.0074761491894464,2.0126849507496285
1,2.626045313692052,1.8394578134337416
1,0.9346349131062879,0.36284134625435227
1,2.5927492904045746,2.1403013044045363
1,0.5105439261019242,-0.532002598672679
1,-0.1729678276975276,-0.2714024585368292
1,1.2885396701824923,3.201550572114986
1,-1.1702551351839703,1.2371722406468428
1,1.703848580001348,2.576840579961028
1,0.5150512725568048,1.417388515385074
1,2.434265274130121,-0.0005825357585076407
1,-1.3406604994521545,0.01105998710614553
1,-0.16758027778743234,-0.9645976387246887
1,1.7609168487653468,1.5858663413478185
1,2.6435546370545495,1.4114898455169054
1,0.4644375214841623,0.3486784455803048
1,1.883455784784342,-0.33823933275056317
1,0.027660824799558337,0.11924735198720404
1,1.2098743940708954,0.9114134938697187
1,1.2702606492612887,0.13826234176491947
1,2.3075810643287804,0.8169839570344217
1,-0.7720553666472701,0.46560158835147714
1,1.3480193951156347,1.621005001345854
1,1.2202424571095092,0.4568359919673979
1,0.8970524144305676,1.1221162407786898
1,0.5100266236557054,0.6124913767513849
1,1.3214339553856094,0.44940490317659987
1,0.7592288008409112,2.4092254971993454
1,0.18636293961013484,0.1579462234694563
1,-1.5150958370157972,-1.690758659583639
1,1.9852066544201552,2.288418644648458
1,-1.4375672811772082,-0.3419603773831158
1,-0.4157402726957292,-0.36221674530300596
1,1.304503288849208,0.30834509003781496
1,1.3354195540074345,3.205495803084632
1,0.5341227670886641,0.6538671062069396
1,-1.2971476400166542,-0.16206690239216737
1,1.7275397491978912,1.507423324403085
1,2.6762748579395503,1.8887718212617415
1,0.9687065814128676,2.2089984859489915
1,-0.7336772778898076,1.6551384796636786
1,0.23073414973867457,-0.7526119390999301
1,1.267414721254112,1.770043442930719
1,-0.09900113854153791,0.5873434385511191
1,-0.600642121999804,-0.641389143271427
1,1.5439878445196034,-0.4720188480834898
1,1.9008601757107209,1.3752535249278408
1,2.0341384715519943,0.2849223662522101
1,-0.09569590605560463,2.1899036705056076
1,2.4119200483748444,2.456818813388412
1,2.0920164087985205,3.230481943670699
1,0.09384704097885221,4.461004508875358
1,-0.461844029043578,0.8142505150351192
1,1.9765818126274808,1.4374214377505037
1,2.471342826515511,2.213603537475268
1,-0.02028154867252363,0.42407342141669324
1,1.867351806686154,1.87980162729218
1,-1.1921388303599527,1.0720844218169434
1,1.5853140899056886,2.7268410492012545
1,1.9922908515854303,1.291409877132976
1,2.351668563666357,2.530806432532962
1,2.060823852644819,1.5010280223431602
1,-1.4635723577579962,-0.05752555070830756
1,-0.19997863222596257,1.0852946041209985
1,0.12907010834867538,0.8578091422575179
1,0.741807478920275,-0.25174272114771845
1,3.968596524170947,2.2619142422812146
1,0.3061514538417661,-0.5159375716050415
1,2.525849156864879,1.0711156802997541
1,1.836671176215428,0.3532230165038426
1,2.176584598124077,1.4410333878170691
1,-0.026712980345806603,1.0600077140390682
1,0.8621095242962239,0.3726507031772699
1,0.40610209320365537,1.8597024790897563
1,2.391442545489594,2.457295194788476
1,-0.18616583306683598,-1.9863114631894576
1,0.9617780343046365,2.0350722966018564
1,0.6099440512233338,0.3250889119546291
1,0.1445807633697681,1.2739811015137987
1,3.224162489928743,2.438659908429157
1,-0.7862467711179985,-1.9390357484745815
1,1.8230873539070394,0.26606247522983784
1,1.0434494052026542,0.9682030442106759
1,1.51120149924931,2.0816785772434643
1,0.4288015418550629,-0.2346305689795939
1,1.213452247511702,2.288357947048259
1,3.5506327320933155,3.666859933461386
1,3.180427711837343,3.5400141981551916
1,0.3589875964732977,1.9381444363441278
1,1.6689862645680589,2.0602770479719443
1,1.7183510853448372,0.2262866331295632
1,1.8702496862168037,2.2488851186615797
1,2.1835612604188874,1.3075842746763449
1,1.0540910080142296,0.8087838499271548
1,1.715873736197894,2.0620340759985125
1,0.9734586316591095,0.8729716552449222
1,1.0811313735450585,0.5451394587354561
1,0.6651592516093386,1.8190847993659687
1,0.5238757453956108,0.25237717966868045
1,-1.2819525525439799,-1.1176972214553857
1,2.283162590101538,2.6462679434108596
1,0.9965951066263993,0.07754546092384784
1,1.0635469501956956,1.3440094236823392
1,-1.1773111513123844,-1.3748282006565007
1,-1.237099280341332,-0.03842519455175708
1,-0.10737468024338603,-1.5380369950167334
1,-0.06463206630262419,1.006493959096708
1,1.7470600321921026,0.2911266776800001
1,3.95086388012156,3.4099156113488664
1,1.3463654779205814,1.4203151037405526
1,-0.06870279214979569,0.8262927452035882
1,0.4575272544646084,1.4117712529750486
1,0.12784238363616152,3.543619124607908
1,0.6095175164256872,-0.08579062503968293
1,2.095975393670296,2.4479572425585063
1,2.018434571905117,1.6379675549438346
1,1.3401634999227445,-0.7810416238682253
1,-0.20003040498600122,0.5838820352685401
1,4.053546662955502,0.8223768927394188
1,0.6526783389532613,-0.09523264663197661
1,-2.098685711722296,-0.5983501447525817
1,1.345946485536792,-0.46974736512958704
1,2.8540400080936896,2.1626521448996154
1,1.9777102343146162,0.7233379403631394
1,1.3617468864762379,1.2738576950981555
1,1.9620903576569697,0.626135241844835
1,2.607053916299618,2.9457400615594365
1,-0.8797110317869691,-0.3649516574475379
2,0.21666113782765195,-4.4314626263055406
2,-1.929062842916275,-0.0949939950679779
2,-2.2214306669662744,-0.8670286813672926
2,-1.4832994635006194,-0.24052753138219884
2,-0.2590014129096625,-2.1398914513810627
2,-2.0959782280381414,-0.3452948968052527
2,-0.4249481874045824,-3.5568251459821543
2,-0.6197199274252025,-1.9392057405275898
2,-3.5321201121509387,-2.320012166967813
2,-1.826337158321489,-2.5720376269603538
2,-0.09587743154150452,-2.459196698732201
2,-2.9632479246174035,-0.7867971706939594
2,-0.3757821956680951,-0.9804815486868272
2,-1.6096387859488208,-0.1225752661803956
2,-3.1840922931559064,0.2659234907145924
2,-2.2587565892081787,-1.8829482649571636
2,-0.8907170546109163,0.4421012695334805
2,-2.729143314697515,-3.263001563860764
2,-2.3825367603649905,-1.508581653352698
2,-2.0108516938262446,0.24638959630551782
2,-3.264043821862325,-1.0472513418759
2,-1.8913136372742405,-1.514024542851249
2,-1.1755318004505997,-1.235418633040101
2,0.4301716089189207,-3.393724267577735
2,-2.7104959749947546,-1.4163947116428917
2,-1.712263216208296,-1.3255398685382165
2,-1.7960176477076057,-3.762595572433971
2,-1.8968009508826271,-2.593604379901846
2,-0.5937235586806051,-3.7368037357740693
2,-1.3029664456847465,0.11499550183660379
2,-1.4118731531693745,-0.7978983882491061
2,-0.11747908264945761,-1.0923811550974225
2,-2.507504274053768,-1.4856225566228736
2,-1.5881756255704973,-0.027743896569504267
2,-2.3901885842783512,0.4394611604128076
2,-1.6422016834429327,-2.364797798036995
2,-1.7891377936943171,-3.2104234284567417
2,-3.3595106271757382,0.612613486364884
2,-0.10130962481110184,-3.0596652784978957
2,-1.667735259665903,-1.0134966279174338
2,-3.2046473567168534,-1.853932417996216
2,-0.16976384375111575,-1.6767082663175719
2,-2.4365493940829963,-0.7566681536147546
2,-1.9876147643480344,-2.215874155526888
2,-1.3070577257112173,-2.000716593228579
2,-2.014226095825463,-4.051524033687938
2,-4.1394282286954756,-3.3671674085029837
2,-0.6264259168145168,-2.047906558649271
2,-0.7544081020486912,-1.4496811998295156
2,-1.9569331006134214,-1.737963397323807
2,-3.777055728316947,0.06256794803160903
2,-3.026792618888125,-0.6749616504622897
2,-1.9384044332555879,-0.6129471005236686
2,-1.5552863861833186,-1.8222405446739152
2,-1.0971821043316836,-1.154316152499465
2,-0.9253424741974903,-4.782814462047282
2,-0.8215776596939808,-2.2392520023311056
2,-3.0458495786314357,0.43665029794587085
2,-1.584939070234331,-1.9070427984403886
2,-1.1856207105324699,-1.2644919377932424
2,0.031706441135597396,-3.4361872423415303
2,0.19985179383008123,-1.9944197260762444
2,-1.6297035660358345,-0.8541981782859027
2,-1.2373006609031503,-1.6287164439454458
2,-3.9547768110647517,-0.7825000527263558
2,-1.2982607874939593,-3.877385043686016
2,0.38826463960775204,-0.3870058324488521
2,-0.1548276450947581,-1.8079529355743442
2,-0.17437780328974073,-3.8297836573652573
2,0.40481002682578016,-3.6730003988052324
2,-0.16750240914317982,-0.9494025463091406
2,-0.22815909496087894,-2.6401096628972667
2,-3.266240983336031,-1.9210016312641887
2,-1.6913334577872012,-2.5478213853815754
2,-1.7625952289076416,-2.398165097482708
2,-3.405997899109467,-1.1049323289292048
2,-0.5206607471974896,-2.89312327603199
2,-1.5167856226867202,-1.2826957216161534
2,-2.265463824337939,-2.123703591607903
2,0.17001917592390514,-2.6465795533671614
2,-0.3365216597633147,-1.2272398240593048
2,-2.7780677959056206,-3.0288346376672672
2,-3.521251537946879,-4.118753521256412
2,-2.36676928793627,-0.39824372286683385
2,-1.6947679881654678,-1.269052522352289
2,-0.9557842219019382,-2.107805009912279
2,-2.0273474909270455,-2.3375821292942405
2,-1.0797390390371917,-1.3957144128736665
2,-0.8478027487132344,-0.9681606101717204
2,-0.8210101393261281,-2.35241660629559
2,-1.5549876040515767,-2.3074362800511965
2,-1.5429364938191186,-2.3338643322624297
2,-0.3816395584756198,-2.071389658206407
2,-1.9658924391580097,0.6303678443657672
2,-3.5557118197996767,0.7618745920961629
2,-2.1171680088502396,-2.788773683847016
2,-2.4390364224434866,-1.1252254297050375
2,-1.4163547550490425,-2.045727808607279
2,-1.6561081429630422,-1.1151178906338142
2,-2.673791009485151,-2.501699855477496
2,0.9404598139101403,-2.2419879214605984
2,1.1828928077321068,-2.0726489576467184
2,-4.209577729496809,-1.0430089964540663
2,-0.5782480215704859,-2.1678118873977805
2,-3.581038663014708,-2.6149216731439227
2,-2.000217046496041,-0.11227708871814146
2,-1.4818645856889254,-2.2395405481207056
2,1.2344534318956737,-2.986853208724735
2,-1.2496380357180663,-2.292502506686925
2,-2.405944915627958,-0.7864708903881
2,-2.5605303994274276,-2.1167869300258664
2,-1.5501141746871687,-1.333899271081017
2,-1.6019175663359373,-1.9260296499920297
2,-3.3116105267907896,-1.7512379282912547
2,-2.605317761655135,-1.7253939664247762
2,1.1271392667421973,-1.998627340020188
2,-0.7898332259636,-1.9962129100665422
2,-2.354421781884841,-1.6814597651072052
2,-2.2810638492128192,-2.4843868733939987
2,-3.5231035477888755,-1.5321262100628483
2,-1.7653334474821107,-0.7663911613746274
2,-1.3230928459387126,-4.192358694889773
2,-3.8209527793800104,0.46951661192105476
2,-0.9205953540510772,-3.091665347943648
2,-1.8253158357176134,-2.522956743875012
2,-1.3643499933697403,-2.7282192723993783
2,-4.520187820787466,-1.9517066703597032
2,-1.936805021697455,-2.061299028205466
2,-1.032940300714087,-1.7343903380275671
2,-2.1573519345324583,0.23397563320587622
2,-3.4198309073492386,-3.6072331304585044
2,-1.264301930178464,-3.056435981926446
2,0.05156187806183321,-2.899600231416442
2,-3.531361055700466,-1.7218282833127354
2,0.0008305794338669958,-3.56303975550051
2,0.17300517713838737,-2.5743091843410446
2,-3.624827962354899,-1.5901024058054518
2,-2.2049674287605328,-2.5752330422628464
2,-4.039389844997386,-2.0662386741368715
2,0.4812669497493878,-1.5005882168259992
2,-2.700614998473374,-0.1123004465213413
2,-3.2478293489295273,-1.0348184547956654
2,-0.5559274053579479,-3.843040141937707
2,-0.2422512357545541,-2.2839239831201725
2,-2.698448782867561,-1.5244484960287512
2,-0.2147108762631771,-3.182590330729841
2,-1.570360613127265,-2.9348535921620162
2,-1.2677903996143904,-2.0080710019580557
2,1.0233797175306685,-2.6228494893803633
2,-3.0957930967530207,-2.7876381271922313
2,0.23011565428966763,-3.03779636600183
2,-0.6831347118272038,-1.199939361567592
2,-2.4279058776852684,-1.887691048878715
2,-0.3443084551810862,-3.5864997925013666
2,-2.914509568803764,-2.0840108712332985
2,-1.8178008097613085,-0.6554409048620973
2,-5.355823470811723,-1.088430827025277
2,-1.7429871720786652,-1.5412950427535994
2,-3.7760945896046376,-2.194876838567987
2,-0.5925658729026502,-1.9788857130408524
2,-1.246693377938558,-0.5044628648552818
2,-3.0790674598782264,-0.6663353361302957
2,-0.20862341236975968,-4.2983574344639575
2,-1.4196028506759653,-0.8734064379323154
2,-2.9993428885681763,-2.805067526357126
2,-2.3913675964403724,-1.7318967664941904
2,-2.283563025938671,-4.2022681721645
2,-1.2805448764902647,-1.6711373897522492
2,-2.8405567859460836,-1.1968245870446343
2,-1.6431971018565208,-2.1299945051510716
2,-2.0407226250030575,-0.6786394300056477
2,-0.3204010323363189,-1.9236059595174555
2,-0.9660777237230004,-0.8619283709355571
2,-2.926935465210395,-0.29834632794240634
2,-2.0440720055164867,-0.7940275340163171
2,-1.6198845404776852,-2.0698627930333062
2,-0.9872104159003379,-1.5431728853088476
2,-2.423353353721548,-1.7436399819574686
2,0.5929987011695288,-3.3538618319817894
2,-1.34854710697178,-3.518509842769423
2,-2.7610471356607054,-2.977553633961896
2,-2.052372240897066,-3.4106356917096523
2,-0.9217733881544043,-0.9847775057824211
2,0.05770443716567897,0.07757726739788584
2,-0.6667940659192275,-1.7273699800032989
2,-1.7725260313641975,-2.7810374644881737
2,-2.753782915189323,-3.0632508386792185
2,-0.02156925819384603,-2.954954218136315
2,-3.3861397271020426,0.8246337763187954
2,-1.1713330414945118,-2.973633238106678
2,-4.053995421504883,-1.1499215239833882
2,-1.1816101722511718,-1.5489185252999091
2,-2.2968914565354575,-3.1052031605622425
2,-3.586243423565124,-1.4838394669591792
2,-3.7508154580822124,1.1405561442389969
2,-1.1881014141939241,-2.3026135418356457
2,-2.6693095663476374,-0.24977554429779736
2,-0.981014260895976,-4.243841474994593
2,-2.1533414650259584,-1.6415459481546888
2,-0.5193000741599187,-2.1718682037834394
2,-2.4331290577130797,-0.3345812640206449
2,-0.5572228588028707,-3.1026873777489925
2,-2.1696606087796386,-2.3120735553369083
2,-3.0735732087118843,-1.2358780409863699
2,-1.1634771689350527,-2.6451239024587996
2,-1.8231452043300365,0.06142334089355117
2,-1.847117208837361,-2.203439018362501
2,-2.272424266800857,-3.380188242707628
2,-2.3966518027446315,-2.8281579314851286
2,-1.0287481561545313,-0.002832947060353197
2,-0.16476505411937237,-1.5714998942110532
2,-0.7153926024788269,-1.3664283389782241
2,-2.1858993026936813,-1.3869196149212195
2,-2.45365071998381,-0.878849760702147
2,-2.9035820198609508,-2.2093642634129003
2,-2.869451638870215,-0.5556236123992833
2,-0.03132103747035897,-2.2785112861369963
2,-4.721526932362256,-0.3860265288166391
2,-1.837570034747284,-1.2745429018719912
2,-3.4962925867094112,-2.7310824238856113
2,-1.8638399710352047,-3.2591148817186206
2,-2.5829374095949733,-1.207687822324625
2,-2.8151291906013407,0.44750144788468527
2,-1.8936102603995997,-1.1207470219511229
2,-1.5573931950544784,-3.026109747277297
2,-3.5299850735798497,-1.3075761252238283
2,-1.8374892366908153,-1.113490524422891
2,-2.1395880601882737,-0.7937452621353073
2,0.07019778580632297,-2.397484958112298
2,-2.0356507556750727,-0.283373790388447
2,-1.6732158878744277,-1.1957027671316736
2,-0.3978805310286764,-1.7243888963826441
2,-0.45070010702099883,-1.223400774413793
2,-0.7261906798477917,0.5460173114372657
2,-1.2361887689369027,-2.426901045460557
2,-1.1232580029925718,-2.2901750974647057
2,-1.8042524412646448,-0.9506759728890369
2,-3.4626133694942434,-0.6889113598752699
2,-3.236082801120548,-0.37419629599264903
2,-0.4235133747263893,-3.3975691970725648
2,-0.7520855419304142,-1.4058511175063235
2,-2.3673982261096507,-1.8376713414684904
2,-3.6889670277453863,0.7032913428797256
2,-2.208124308274881,-1.2861206925817852
2,-2.49276455717131,-2.6721331778484525
2,-2.5585251860551343,-1.1336391192118014
2,-0.6359594143838438,-1.6483718763593804
2,-0.4896055703779605,-1.8075738322220287
2,-2.737064889732639,-0.9640646065188678
2,-3.2073382510412207,0.37692191127097274
2,-1.5874916747820975,-1.4244581435257295
2,-0.5544141222271062,-0.3878831762174033
2,-0.2327695267456782,-4.118367606797538
2,-1.4012607752283697,-1.6340294528630597
2,-1.2250903984962886,-3.1064297721412473
2,-1.8119315983559319,-4.305707024520386
2,-1.1333738785933725,-0.9106443215325757
2,-4.553370215816125,-1.7646153165995757
2,-0.9664525930542586,-2.030678915040723
2,0.14062024237435344,-2.2033952916900366
2,-0.30890998100827827,-2.279808553944786
2,-2.171882348475211,-1.3411515158980436
2,-3.33298553249991,-3.211883091548388
2,-4.233079801701304,-0.9899833212017138
2,-1.3759803144036458,-2.784429619858377
2,-2.390931470340109,-0.7383025777943089
2,-2.0192362621921593,-1.3065742618318872
2,-2.783015300448655,-1.4033886181981003
2,-0.3416308988758554,-2.581358200165373
2,-4.389376987966811,1.9324537643143391
2,-1.3032553471036097,-2.088147896440536
2,-1.242736945471015,0.0407450243956482
2,-2.042237629254401,-1.2307146190061589
2,-3.047034985613477,0.7008302428216351
2,-1.5461067535240118,-1.1675355145837996
2,-0.397281251203468,-4.531140693951247
2,-0.826587928290477,-1.2822270123437756
2,-2.1744825165617043,-2.6457587219648975
2,-0.09752310667390063,-1.3970634395678114
2,-0.7897367384338546,-3.0558146311842744
2,-0.052714378312612276,-1.4310329277950973
2,-0.8847258454572517,-1.9287157144362308
2,-1.3911571997727221,0.17649302780703335
2,-0.028618540158684036,-2.6250387592578335
2,-1.6284845108935109,-1.891688494841345
2,-0.4018897816209921,-2.982557631871863
2,-1.542070743665779,-2.4571476398502923
2,-0.42650494795031246,-1.7772425715905775
2,0.18324410985701323,-2.547885411467274
2,-2.4534548521672677,-1.6639272095498336
2,1.2469944380545983,-1.6100290549451302
2,-0.9243082916611168,-3.1489076713739346
2,-2.9308653092038917,-1.2150931304383508
2,-0.7827218127762817,-0.1709022021467399
2,-0.09212794142274805,-3.453918758923212
2,-1.2310461828415686,-2.871302645849946
2,-0.12749478895885402,-1.6025454536516313
2,-2.2846742690541593,-3.937773540219292
2,-0.3435345086151813,-1.0718101882210553
2,-2.3100875399158607,-0.6209471009389596
2,-0.02799747541059383,-2.234802483157428
2,-2.9212602006376196,-1.3134226816294172
2,-2.8812383084925415,-3.3529350975642047
2,-1.3554611253736397,-2.159866567005123
2,-1.8922435923274175,-2.0099342775249305
2,-4.955888465816431,1.2928423797204123
2,-3.9950351892488682,1.0926326413146312
2,-0.7387635166150472,-2.10741067442541
2,0.3525289209161637,-3.256870990753698
2,-3.0961126973232753,-2.161793680452102
2,-1.4360076056568514,-1.6406918347721706
2,-1.024335101943298,-2.0959938482566245
2,-3.077514205092003,-0.32193597270050534
2,-1.4501467170671718,-3.6606933235775125
2,-0.9235533205027269,-0.7226021529682125
2,-1.0388441341977883,-0.9887320600786585
2,-2.862085269589323,-0.22756417861796474
2,-1.3468087374391555,-0.9161259763800518
2,-2.730239491387981,-0.4886603461394201
2,-4.296460099330885,-0.7813500143487653
2,-3.4992740385431786,0.48975636612128604
2,-1.26648434232518,-0.5570159232029668
2,-0.6403346796311669,-2.239812938797534
2,-3.183585363302238,-1.1427943739412125
2,-2.017045222403943,-3.025893660484792
2,-1.7942540636581228,-2.242525753552068
2,-2.0961830274158633,-0.731660070786512
2,0.8082611268921611,-2.1057405285917725
2,-3.5890441971942497,-1.605358829045113
2,-2.9643736252859467,-3.0846613365135567
2,-1.6944222451518043,-2.937656942320211
2,-0.5791623428427712,-4.286206691377371
2,-2.856119005924972,-1.0013095639389125
2,0.09703746088980747,-1.7133785073362677
2,-2.9404024722472206,-2.122469736008591
2,-1.6071112425016856,-2.8371723323146805
2,1.0483977556635367,-3.7521783910392053
2,-0.3970363402744914,-2.037203145888006
2,-1.204281399572391,-1.6892383150013057
2,-3.97734506751546,-1.595624165981835
2,-0.07613898724223378,-3.3585795130227876
2,-2.174372263524031,-1.6931026099834803
2,-2.9332938049219246,-0.4672943483241905
2,-2.8265768739614296,0.4824698732971342
2,-0.8319855200154412,-3.15941941563404
2,-1.201636562950346,-3.688349385963563
2,-2.7362164768056685,-2.212455614498657
2,-2.9125866148001114,1.0856841612683161
2,-0.01205104393099532,-1.8673765909139015
2,-2.5799228790335302,-1.930949831725991
2,-1.2217083032123108,-1.1163374824395764
2,-2.165192354390267,-0.10764779591484519
2,-1.843247211400794,0.07186430160688784
2,-2.198778741342294,0.11422125883501622
2,-1.574869068894745,-3.4543141508078543
2,-3.0389690918968295,-1.2454788599968554
2,0.0695785958676498,-4.26084704973227
2,-2.53955032656886,-0.6125611409609597
2,-2.3927399741243045,-2.61142122795383
2,-3.0967457044965663,-1.2194144290027615
2,-2.2681352911247914,-2.408211003700742
2,-3.426779332129957,-0.23965686786012186
2,-1.0103079792516994,-3.958635050722944
2,-3.5775611061411663,-0.6056690008016858
2,-2.7439288597119944,-2.698239892993149
2,1.0097173557193706,-3.4549184964768482
2,-4.003438807911127,0.7179544995758294
2,-2.8759678175929873,-1.410336532952368
2,-1.0725031451966907,-3.471940139985768
2,0.14786716572636593,-2.6532411014124726
2,-0.8147256108735104,-1.454804375242226
2,-1.3289977433865816,-2.2675039380920055
2,-1.960418388348093,-1.3820018279950004
2,-3.131456761401428,-0.8283621076230008
2,-2.6351027938688136,-2.3306555407426512
2,-1.6582576520695738,-2.330974636369919
2,-0.7156359989584871,-2.1085044295534985
2,-1.3318767955704414,-1.771791216311065
2,-1.7702373195118541,2.062909541378671
2,-1.8588092729428762,-1.6479524630135536
2,-1.0584443941075845,0.07978382620776503
2,-0.39414166865304967,-4.687866988748692
2,-3.1280653729210783,0.5016498544991324
2,1.0134026791741242,-4.354123630527737
2,-0.32117636478135925,-3.3022349011551686
2,-1.8965144293013034,-2.296716109617396
2,-2.52538575158603,-2.670027104763644
2,-0.9800646618232165,-1.0035247586311336
2,-4.368924278786311,0.11791912559271656
2,-3.4277500984736298,-1.9964644534468787
2,-0.4445741932891767,-2.607082990414945
2,-3.143723952498502,-2.4225163404234493
2,-4.0757302665270245,-0.6786361970204866
2,-2.7656789290133172,-1.8207957925015672
2,-0.7248763452976066,-1.033932710943884
2,0.08072157301085259,-3.3419869265637105
2,-1.1099192264431332,-2.1991424258369494
2,-0.6047743470472031,-2.1944323728929915
2,-1.7074657702806633,-3.2202448762676497
2,-3.3078974477717833,-0.23432172270609142
2,-1.785830421188029,-1.2300440985088408
2,-0.5737313244555668,-1.875923097289821
2,-1.4358289338618864,-0.43942056246236216
2,-1.171118846312012,-1.4462473291718183
2,-3.046925699409268,-3.3429839880659173
2,-2.715585694467844,-2.05738356905642
2,-1.825765305017154,-0.04568380417641027
2,-3.0359730295796865,0.3483397140369773
2,-0.6653554722486255,-2.4317329222552555
2,-1.94805416245689,-1.996568206745504
2,-0.10962984168415235,-1.7985239111456914
2,-1.4468887867553086,-3.00178165951284
2,-2.0868785755420887,-0.2878951613503662
2,-2.207173514879771,-4.170520468681232
2,-3.020507164064766,-1.4716072725211764
2,-3.2258173860176083,0.2074614543194826
2,-2.5428225546262517,-1.80943544197867
2,-2.1564718936436496,-2.2511517020781886
2,-1.728867295560632,-1.3040267356022863
2,-1.2777335885399546,-2.0187855153741703
2,-2.306456088334754,-3.2175110609911854
2,-0.919537349606682,-0.5505775497363035
2,-0.0765817226525114,-3.0726133191904355
2,-2.3024073036461656,-0.010261794657886902
2,-1.106830580030309,-2.555860718750487
2,-3.148513330598291,-2.2414258802362763
2,1.1869588624995258,-1.0788604732340095
2,-1.3379115844163458,-1.9517478171514928
2,0.2259356976225888,-3.529586993692213
2,-2.0115405353244005,-0.8665545982192105
2,-3.3851055382467106,-0.6521905108621027
2,-1.232454642146668,0.2620516115183622
2,-0.7395921719221215,-2.5425426643795275
2,-4.1295041587282375,-3.766246944298277
2,-0.8765391636948038,-2.871344791240626
2,-0.8527035941789151,-2.3126750848718673
2,-2.291292571060594,-1.571550354441138
2,-1.3119027602837048,-3.3102120428350275
2,-2.5449593730903386,-2.2206599372971896
2,0.38297773859854845,-1.8774286132148772
2,-2.5166679325037205,-0.10397327810540302
2,0.8634378993257545,-3.4102658765117937
2,-1.4484497428831529,-1.4907086820231856
2,-1.7788716477356878,-0.6537578904886545
2,-0.5447718629439209,-1.5813045024612529
2,-0.8980074142701209,-1.5102861426578502
2,-2.7270821731984065,-1.2988883981986366
2,-0.6859185749637022,-2.4414815252178164
2,-1.3585600534033588,-4.046371963995604
2,-3.231241107797338,0.4905111646603837
2,-1.4878253383805067,-1.620027013872997
2,0.003016277197747108,-2.947542569533442
2,-3.284376169176139,-0.9989218102838177
2,-0.8258277815940607,-3.3814284330286464
2,-2.0762153439820303,-2.0301501350018496
2,-2.589189059970807,-3.3280516915401765
2,-1.1900097113293189,-3.6887350632816083
2,-1.1280610962931377,-0.04981286531292506
2,-0.40071247002079313,-4.011489978778759
2,0.07827065792048327,-3.7187317589875124
2,-3.3013092255449834,-1.5216480374601185
2,-2.966788230591873,-1.133306067176909
2,-3.506900358865818,-2.0272756432265058
2,-1.8148039820689263,-2.9449691724902474
2,-3.8470985616022686,-1.1301098569003434
2,-1.8736406833030261,-2.014410517130936
2,-1.5588389300702281,-1.8872546382096256
2,-0.7998506578171924,-1.6032940846665646
2,-1.2244330669628924,-2.4435044580972383
2,-2.2098659024776794,-2.4456094656726837
2,-1.7144283250242478,-0.9396366479779918
2,-1.7906910499603192,-2.1689914510392505
2,-0.6922050345703088,-1.579545207444772
2,1.3681637823888302,-1.048959817586724
2,-1.779564203796594,0.08567697516825046
2,-1.268381679833259,-3.3344965442158356
2,-1.6718957454807173,-3.5669704185648223
2,-0.4321501263520209,-3.68207200721456
2,-1.605856187372209,0.0629722137352795
2,-1.8709676150590662,-1.8336761468278167
2,0.9246740242953857,-2.5793526603105126
2,-2.1633844404732763,-0.9526824901972624
2,-2.094669487849448,-4.6153891849761575
2,-1.4286707766528597,-1.2287248174414978
2,-0.9186072859695708,-0.7939953300420095
2,-1.8195569582840148,0.4274104108035299
2,-0.3104250845848391,1.762898130205893
2,-0.456980632503984,-2.3014293271897355
2,-0.8214462122629111,-3.254933770000139
2,-0.40072956485010414,-0.7468274697854163
2,-1.8983526744923225,-1.8142015618448843
2,-1.8789067592295348,-2.7311711144307855
2,-3.3013465105258764,-0.9868969906016755
2,-1.726011498955625,-0.9082956123675101
2,-1.234231513968427,-2.89087176366367
2,-0.6151654320245259,-1.4055403325075817
2,-3.100924021559523,0.3455703850402396
2,-1.147221098283576,-1.1141950653188377
2,-2.008161618308171,-1.1301935070643885
2,-2.261217205891755,-0.735877426881915
