1,-0.755747809893681,3.0002876775981377
1,-4.228471603639539,-0.8258128858286731
1,-0.2841218143935407,4.437193386830085
1,-1.5500334367754176,2.97087646597943
1,-3.5294301274980047,1.5684359975137467
1,-2.567479492150632,2.621520719750495
1,-2.290718151772465,2.469637691723565
1,-0.5706163547889276,1.9889289647722046
1,-2.6667723326059543,2.2328345720200193
1,-1.5144645958197436,2.447000061882124
1,-2.147462929333658,0.11591031600742463
1,-2.5703874020050215,1.62868477050956
1,-2.127680681757034,1.220047119802242
1,-2.3239779916581726,0.6390273340541892
1,-2.0769754386169588,2.4232326559889277
1,-1.8102056977412768,0.5391605070807477
1,-0.8012106187567944,2.398162672950194
1,-0.48850893018317243,4.371313037742696
1,-3.246226988131146,1.2087443564492515
1,-2.8164324613734015,1.4598588003667072
1,-2.1333382917848707,1.070062581351756
1,-2.78365737746475,1.0440026373165165
1,-1.1011415659408672,3.3306402153279486
1,-1.7848976729547548,2.7863509560425346
1,-0.8555713835934431,2.6072885481612604
1,-1.1680421780319925,1.90348076182479
1,-1.0527949401538574,1.4242757404233353
1,-0.7783285059661882,4.2199729196946265
1,-0.3052099098938328,2.332149819214606
1,-0.6597107703303018,2.0425290986841125
1,-0.2298350727167644,3.1125296939603895
1,-2.022846869814081,1.383083804655454
1,-0.5821549469330793,3.3809477889261297
1,-1.7944253757413264,1.503337091186308
1,-1.306034528685436,-0.022748373120676124
1,-4.009692626748614,0.3613156110667133
1,-0.7899056579875923,2.653450659457203
1,-1.677574214130052,0.6704591152740413
1,-2.1695913874878623,1.7570145878459051
1,-0.8938708498474597,1.494308489272996
1,-0.6890245121279928,2.925112889818364
1,0.07532578794394773,3.9413493255641203
1,-1.9771812880286013,1.7551098371584344
1,-1.4765078552267883,2.2200057389828114
1,-0.7333871641261225,4.275095371140054
1,-2.313041698830641,1.7912250646566223
1,-2.0258208770463435,3.1813103236540092
1,-1.822187121056814,2.708889582550237
1,-2.970128241764706,2.0117238456498776
1,-2.2696873873991437,0.412708848072147
1,-1.9762681222746281,2.252080681350643
1,-1.678108045386265,3.2316489333252827
1,-1.9443340473198165,1.8229232758478595
1,-2.878058151910185,0.5354983771491668
1,-2.4695495430311882,0.753507035054509
1,-2.5279706957232175,1.3630457240918683
1,-2.555298094764209,0.9755384478902369
1,-2.4771791320305057,0.6566734024682952
1,-0.8011389483465452,3.2324199659787123
1,-3.445177834140289,0.7144671737245041
1,-1.6085682488514663,3.1298436379266903
1,-1.084109283735542,4.250360906534423
1,-1.7235474007797973,1.131648342480661
1,-3.2767425597230355,2.7458024307418976
1,-2.6411399443333794,3.0652692774281327
1,-1.1281728247612404,3.6490735000493144
1,-1.0419212100718802,3.0997421639865284
1,-0.630034778486505,4.640969426896456
1,-2.947104647715902,1.2442371020989156
1,-3.631507676041945,0.25208096711249905
1,-1.7908034574454186,1.8180810165891692
1,-0.41766979384355984,3.6106423270948813
1,-2.9876974547159576,1.1497275813001386
1,-2.5424611942403024,2.635318270589013
1,-0.28788154701213564,2.964422802632308
1,-3.5320642385450336,-1.1062877770208255
1,-1.5262423778246705,2.8261405446221826
1,-2.2252370051239527,2.090039674193979
1,-2.429913913722398,1.8991304154255149
1,-1.4719236099611757,4.311714514547469
1,-2.1435869521281328,2.474828592002506
1,-2.2002050871189742,1.7797393308201745
1,-2.481004836431561,2.123603923079055
1,-0.9387839127361781,2.6098583385789307
1,-2.3129782364248572,0.677935427824867
1,-3.300361116728215,-0.36529882668569735
1,-3.371782738195401,0.5109462842167491
1,-1.3887185269640572,2.7937106407286088
1,-0.6996732324665729,4.4673720956028085
1,-1.6325775754691545,2.5471278548673424
1,-0.8821359506584125,3.483876016560183
1,-1.0935543224429396,1.7721349544771157
1,-1.2355427176757439,3.737677281140912
1,-1.5461638026228104,3.153915877471135
1,-3.228466732449718,0.03932391723153472
1,-0.5427980779581736,2.3210080035257965
1,-2.41878423281452,0.5512345647235191
1,-0.01167987185989583,3.909664884212793
1,-0.13491086963236043,4.140354815774352
1,-2.021274079544011,0.42310863067612137
1,-2.6796689273456313,-0.29227805695200226
1,-2.0562674540000456,2.7128709269321396
1,-3.6618743490079164,0.7674249845724908
1,-2.4376414891282603,1.7716424524348329
1,-0.7916048774834856,3.3460304072461224
1,-2.1919549113336543,1.6463196271129208
1,-0.6318780978251237,4.496342308360656
1,-1.7947499638470803,1.9984237661616968
1,-0.7233681627891606,2.4546118434862128
1,-1.5735775762985242,2.3861294835884674
1,-2.176011053757237,1.8308531635974323
1,-1.3523539994957834,0.953814109437626
1,-1.7449347277747176,0.638002513461631
1,-2.8668124381182545,0.8942696855840866
1,-3.2180587084382912,0.782250998027378
1,-2.271277332836765,0.6345104297289359
1,-3.0902783442884183,2.338893199928151
1,-3.439676674547125,2.381787113058981
1,-3.328428340181687,2.4290585550331345
1,-2.794226525087775,0.05879110844398738
1,-1.7796924540715064,3.1126426136734153
1,-2.1409108662338494,2.962437860881904
1,-3.1544253780558336,-0.9172477371502072
1,-3.014754455596856,0.7111262909701688
1,-3.7364501917200394,0.10130740651354375
1,-1.509081119519629,3.6739227427513796
1,-2.472583374651326,0.7525308301063394
1,-2.2578879294466017,2.501582901204249
1,-2.989026818326196,1.5751469611120972
1,-0.2914790056111296,4.279931089601112
1,-3.273539964897889,0.22927683863249526
1,-3.1868960834957747,1.6441921360236034
1,-2.20169401372442,2.9437543387413783
1,-2.433370961136898,2.681322474123084
1,-0.7044298076916857,2.9296684051843123
1,-2.397963861354177,1.8567762808706727
1,-1.7835864576063793,2.7253276723806152
1,-2.2059509168073625,2.0872773406833147
1,-3.4719371001589856,0.8892208318111849
1,-2.9323095119190414,-0.14073597127420578
1,-0.380447541464499,3.542275622417194
1,-3.5204079802749035,2.158945110010157
1,-3.7230426314216585,-0.26015727960982016
1,-1.9374331297844543,2.515214219124063
1,-3.0066120479051373,1.1457742558732913
1,-2.9367332953607233,1.3770936772976077
1,-1.8068445309228114,2.11318380830023
1,-2.7247315348491776,3.1412787976166543
1,-1.0193445630348055,2.3776639840576985
1,-2.42544976156625,-1.0997950985114215
1,-2.2696539773485047,2.455822590127747
1,-2.5001566925715246,1.3308733074044903
1,-1.0828917351017862,3.4662986040833226
1,-3.176986865082925,-0.32585555735202965
1,-2.3988878292001314,1.3061622895174343
1,-2.408003240733931,2.399211795697316
1,-2.6797971704814083,1.3814178734999243
1,-1.8342412974139244,3.420553353104046
1,-3.1688203957857497,1.4535158338957086
1,-3.593258079385092,0.5928207177883469
1,-4.047359749853986,1.2275697599404158
1,-1.812469055576964,1.3101855582990978
1,-2.801200531576663,1.1119356388548722
1,-0.761396183658025,1.2740443210895789
1,-0.7611181500281843,3.965845453679383
1,-3.7270761783804516,-0.009864380626603442
1,-2.014109769241319,2.272585138185874
1,-2.472882513942602,2.307018015369639
1,-0.42826422447210044,3.9170614438724716
1,-1.2862304686176766,3.423990047154451
1,-1.9236969586666697,2.0755591671501734
1,-1.955370678792352,2.061057330224817
1,-0.9866092559325932,3.69100877438569
1,-2.344802516744913,2.5541134198776407
1,-5.1789025434682525,-0.7798487789520236
1,-0.17691529502407244,3.530423844339963
1,-2.7045504221247825,0.845131180840992
1,-1.9763483619903377,2.090329369189835
1,-2.4651205143189605,0.6771468492245416
1,-0.653546015743524,0.7175189408125968
1,-2.0671840028952917,1.9767676601063402
1,-2.7871473215990665,2.941012727965223
1,-2.777037004894727,1.7799271727396095
1,-1.8182695874161612,2.09936666636917
1,-1.227456963430273,3.4977431176895584
1,-0.9965030616091166,1.5402254991147184
1,-3.1033323118853655,1.4499720033092387
1,-2.3405523146471077,1.5180712729025263
1,-2.0682758231002976,2.4900459287057997
1,-1.2048114405633603,3.3917396678069656
1,-1.218447182992278,3.215450439412158
1,-1.4785631179432142,3.7237509556350936
1,-3.00882514814956,1.5756015570244566
1,-2.1678422788331773,2.144633049932858
1,-3.2280057217049154,1.234547087740261
1,-2.2101266994743387,1.4914758695245813
1,-0.9639583452364477,2.425223237419683
1,-1.0526690155475755,2.951875898751126
1,-2.0307928787423437,1.322785265513918
1,-3.1546909583692697,0.45195329027678466
1,-0.00898245787499996,4.175910607423237
1,0.8177682773979877,3.6449217539248675
1,-0.6168400612117022,3.172354110006316
1,-1.3190037056631523,0.8828488622844548
1,-0.7577479482240324,3.9956956236394525
1,-2.630353907314159,3.700217917245956
1,-1.5684136817690855,2.8445876443762517
1,-2.0487690950857935,2.2969102655077043
1,-1.9603229584033708,3.283382502268485
1,-2.136409962052668,2.0304651633866904
1,-2.7831612789602973,-0.042844467100119576
1,-2.08126542509835,1.4888623385924085
1,-1.5087711300378168,3.599141052600287
1,-2.3455617813671967,1.6176451127712568
1,-1.2305808409123014,1.2717946074300914
1,-1.8097138076867068,2.3339883592050277
1,-0.4347152610951317,3.9350511127294707
1,-0.6700451225180604,3.010970649058939
1,-1.2060653273169764,3.286797788525167
1,-3.306244348433443,1.1688203551629939
1,-5.090308358437026,-0.09624124354740671
1,-1.3571533986827329,2.1337520847525324
1,-1.885499433842652,2.908569250616102
1,-2.1226203116411226,1.7766524641457015
1,-2.34453606973469,2.630184770586766
1,-2.4515754933010574,2.0737041507573912
1,-3.6707183036263897,-0.45099766793264084
1,-1.5372296280603004,1.292357560789851
1,-0.47189359242036377,3.4039188537821214
1,-1.3916261331374111,3.967862092581772
1,-3.2202956535558207,1.5849573460903312
1,0.14828097597259804,2.085656874679937
1,-2.008642125884898,1.6672534882572416
1,-1.9944811910495484,1.6558374083807035
1,-0.864345363741791,4.730442056248769
1,-0.274286608434841,2.94879068212721
1,-1.8013067769571594,2.398370642950515
1,-1.5687797669244863,1.0529015418582195
1,-2.6687881271213794,0.7959966524524822
1,-1.4418464008285488,1.7282405485323928
1,-1.7789329573203596,2.233370297883142
1,-1.6325481918543379,3.0462019887553016
1,-1.968740087024974,2.885203755280168
1,-2.4257297774218736,0.3047509868959275
1,-1.0444067230007321,2.276112368573769
1,-3.16224741115178,0.11567201248984293
1,-1.5084868446722641,2.6585016538327704
1,-2.5460046773279963,2.2669942334772375
1,-0.7468891795389507,4.152044109226505
1,-1.6856232538372262,3.022762022768579
1,-2.3492321481334733,2.580899390814971
1,-3.651795416631111,1.4305968711684816
1,-0.15754969023377385,3.6191177979645763
1,-1.253626423726416,1.969765985115069
1,-3.190456368503773,1.813807320714491
1,-2.636221823215671,1.8498558780188807
1,-4.475668856269832,0.6169444090500893
1,-3.429377552674037,0.3709896180405403
1,-2.5488114728390583,2.502620768850391
1,-2.0609446651107985,3.164847698484164
1,-1.2099684167597016,3.921976399210903
1,-2.2851531885519893,0.5467214487919752
1,-2.2786794988922185,3.1560559234738714
1,-1.497120537249646,2.155567682526428
1,-3.6509115071863785,1.2477992870099885
1,-4.563587641956941,-1.4087747601646443
1,-1.2605858714285347,3.8680075891513153
1,-0.11919104079639298,3.4333703271814855
1,-3.034872452882089,0.5864607070110419
1,-2.1710169367437864,1.6022890394616225
1,-3.0307716977128867,0.17899723603833784
1,-1.7674770175235337,1.853799484772018
1,-3.1256870643196817,1.3976609958541024
1,-2.012159913447826,2.367167210837354
1,-2.435132604574855,2.8291469697879625
1,-2.0730137347258033,2.7053104701556223
1,-1.066623640900323,4.300720806148341
1,-3.560026964300607,1.4797173205627399
1,-2.3424506995484293,1.5351836013431057
1,-0.3042090945722471,3.7809779082053865
1,-2.164565096919686,2.7357412446794065
1,-2.36254317511708,1.1760706736778825
1,-1.055866870679731,2.3802966731752755
1,-3.4921730580867516,0.8850172691480864
1,-2.57623612231229,3.507765399499335
1,-1.6019680060219421,2.4109794863924625
1,-2.2493871203072735,1.3612177273067432
1,-2.082595623957449,0.8782914077510828
1,-3.4187099879413636,0.8748750999039332
1,-2.1320697581430177,2.872409733713014
1,-1.1210900629711589,2.7782539511064295
1,-2.713034010837736,2.8458208939640786
1,-1.8928496230791556,2.969742100435664
1,-0.5895551077554839,3.238245944293388
1,-1.981890947628775,1.5540418457471166
1,-0.6109156693394977,3.484446186230759
1,-2.3406116707549947,0.6875419777434892
1,-2.8875485245205192,0.7328767254581507
1,-1.6441871092017262,4.048518187598916
1,-3.6648790809661245,1.7544541093323218
1,-1.320412169843988,3.626073445186141
1,-2.30123639115644,2.339357404426972
1,-0.7780877469548373,1.6309859738660542
1,-3.824903807173634,0.6725245242752256
1,-2.8959077690818846,0.14729131083815616
1,-1.2925149892797803,2.8015985408181163
1,-0.5832676908830139,2.880352745700441
1,-2.3616826388591465,1.42143729090278
1,-1.228878015133259,1.2037828203032475
1,-2.718444334189444,1.1151258978986438
1,-1.7496675883316868,2.0891514467642436
1,-1.7150989843215378,1.4499707245321503
1,-0.865356228241071,2.2907693386627774
1,-3.3576065412584666,1.2032654483588376
1,-1.6251517286875516,2.725438607494828
1,-1.7496322425880861,1.7068946268517102
1,-1.9983072920018037,2.1873222331364848
1,-2.3200478800096493,1.6565167807138854
1,-1.6680891233623136,1.7265593018111782
1,-2.085959377303106,3.241836488278508
1,-2.5896343515738307,1.1886036636392034
1,-3.996902280770189,-0.8132461949747745
1,-1.0985941562612462,3.4540225256023005
1,-3.9095963536484084,0.34874439407164437
1,-3.0851734618998004,0.5937047191529998
1,-1.6843411189138042,1.602773068267597
1,-1.6062744663426147,4.06388416495864
1,-2.299839534003918,1.6977329294924581
1,-3.792955106180478,0.537089878321543
1,-1.320894233460626,2.726614740836206
1,-0.5481069798897205,3.2928874533194117
1,-1.920544585532169,3.126026903854153
1,-3.304821578447177,2.220357821806234
1,-2.5705117107187148,0.4289646109533214
1,-1.6874816517338103,2.830961652986267
1,-2.812101497121025,1.4789986967763773
1,-3.2395397032886715,0.309883888499606
1,-1.5053408924851985,1.0034260251517324
1,-1.1834171367747088,2.6591581767425976
1,-1.0958265040424247,1.7701010821356729
1,-2.780054784658427,2.8368245261449085
1,-0.7510741619814487,3.7060742236516004
1,-0.9951095851132774,4.27911872608442
1,-2.5854254906958163,4.808513842094079
1,-3.1008198150800412,1.5780595571929361
1,-1.1211567602595522,2.731222879621328
1,-0.7075682461818684,3.5153729047284696
1,-2.7515540678642694,1.3609414251583756
1,-1.2012147001394033,3.0777921146522953
1,-3.68556953388056,1.6090514910518285
1,-1.4133404940400318,3.7226815796623747
1,-1.111153546322896,2.6116162512567023
1,-0.7983513424070579,3.753268381477561
1,-1.0519925444936438,2.806691386241784
1,-3.9253726485493265,0.5829207229838007
1,-2.884479456643838,1.874739888232606
1,-2.6230495687368194,1.7665206170249828
1,-2.1488034387194883,0.9841760464075826
1,0.5018646604524717,3.940346246736051
1,-2.5052978586330834,0.6487156903560007
1,-0.684516612199384,2.56194571537673
1,-1.2539652498828593,1.7772820405237493
1,-0.9596530955758915,2.7855847572155295
1,-2.745087150283145,1.8977730519068374
1,-2.040251871795523,1.5437442315012886
1,-2.3810688686333306,2.6859425981537233
1,-0.767594377678412,3.701224844465563
1,-2.9296400708018098,-0.7226187672357818
1,-1.9293256305369628,2.9769765385335654
1,-2.244665713090151,1.438787109301137
1,-2.602900300844816,2.1228955446088738
1,-0.09578445158860793,3.8990492953351934
1,-3.413144325300956,-0.8365166837671261
1,-1.2665276489704569,1.6999938667480357
1,-1.8829607556515493,2.094548082667649
1,-1.4849897884589522,3.1573752960569257
1,-2.401140612604352,0.9183755870970878
1,-1.7215369061140993,3.2560056222829656
1,0.190250372802784,5.022779478959766
1,-0.1108956249351476,4.820409426532578
1,-2.4176605288177333,2.740278311073075
1,-1.358022054160493,3.1797273554593204
1,-1.3517974390153467,1.6394471432570592
1,-1.192109407544851,3.391059236270836
1,-0.956468146456761,2.674375487107473
1,-1.8772936489455485,1.9622885895351019
1,-1.3201434016639453,3.193242404539595
1,-1.9412014503272088,1.9959567170975676
1,-1.860300554641911,1.7459822588075509
1,-2.172708767465562,2.7180010077825925
1,-2.315470966189096,1.355140299365098
1,-3.7982090131082487,-0.26819837986851525
1,-0.8515310313260203,3.8334634302076607
1,-1.9371083304549344,1.3283593867475683
1,-1.8598490590319097,2.4179198004642357
1,-3.718458818406126,-0.4590837162426116
1,-3.7422188594733097,0.6571874962819124
1,-2.857823786960378,-0.3228285287920407
1,-2.776675563166548,1.8427331805713174
1,-1.3274355910970406,1.7017150958019998
1,0.5085969395953178,4.907874988029949
1,-1.6301658625591642,2.5550789176146873
1,-2.783264879818729,1.6891024686486293
1,-2.347771376147527,2.3198452586080456
1,-2.5748031605684267,4.040432245140859
1,-2.2525424182076095,1.090762855773801
1,-1.006259559436114,3.617526529374481
1,-1.083697721571549,2.911772372541594
1,-1.67552814766226,0.6894753211217133
1,-2.893713352450897,1.4501523500694593
1,0.5440441698140401,2.743199775792243
1,-2.217877133123623,1.093839102691284
1,-4.4479355306663475,-0.037941133654257886
1,-1.665153483187801,0.954549114197109
1,-0.39959832732426936,3.5703965261815633
1,-1.1333368043296048,2.1268576262126824
1,-1.6204352774944346,2.4350107229641607
1,-1.1477267546775693,2.0405439167544
1,-0.5846036765740528,4.17012586922446
1,-3.4597296620828626,0.4723741017078722
1,0.27907256562978633,4.536913531475889
1,-3.3070922012576407,1.3041167682384043
1,-2.7335200542543707,1.3127257728346386
1,-3.1507794666519,1.7268164769883891
1,-1.5526768713540344,3.3819273659265927
1,-3.1280742497111906,1.2462721846982299
1,-0.4643256764417818,3.7093196623132316
1,-1.743791231974735,3.012549709754003
1,-1.7272114286681053,0.6896349411974796
1,-1.3666721134968949,2.2066983268713742
1,-1.2881249510933728,3.624278159840346
1,-2.8674223996697306,0.6626575167776829
1,-2.4675233992100707,2.9017095780859643
1,-3.2548635128252865,1.5817385595806353
1,-3.7091306354677913,0.13011123968063454
1,-1.9453327711994508,1.6161070023884883
1,-3.625786793155753,2.000052363883079
1,-0.9150160742881395,1.675410145221275
1,-2.249012562682257,1.388688229953443
1,-3.581025878534523,1.1228676394831107
1,-2.6933722823636996,0.49560793939794623
1,-2.1975086467635405,1.8034431083164466
1,-2.3457788051974773,2.3133817268972185
1,-0.5091684588744212,4.374457490784325
1,-2.3524142432007586,1.0826025893087574
1,-2.327181264146285,1.8918587238120697
1,-0.43586836596203327,2.6244936042348073
1,-1.3566431154979215,2.154567399344042
1,-0.34029386683803176,3.6267391944165634
1,-3.41051357551913,1.7612687604481791
1,-2.7095085332512907,1.9705249937289468
1,-2.3554600336542912,3.155732351460429
1,-2.2789296796244582,1.2760652045044973
1,-3.3267073275070143,1.5685338804542894
1,-3.7679973156486053,0.7403468632328882
1,-1.510472712490507,2.2932087464094257
1,-0.8655535275010646,2.448328551642987
1,-3.9962083134672834,-0.13159884396984678
1,-0.8206596530318353,3.8175746144132763
1,-2.5660946394515856,1.8264696611863724
1,-2.0589535567372246,0.811354576006819
1,-1.905082742286476,3.304321947505
1,-2.840229021433164,1.0955143901706637
1,-1.6597726290156793,1.9537544188884426
1,-1.7619820415411764,2.45498742007331
1,-0.2316802474509545,2.536256324234225
1,-0.9695194762984258,0.5241362490741903
1,-1.6597181412511945,3.042730631105066
1,-2.1382712899332166,2.7380145750106264
1,-2.0292905664860323,1.8220692814416621
1,-3.6076917638746173,-0.30137252500681644
1,-2.960697592365194,0.5723853331033306
1,-2.9043132245359615,1.466936614509359
1,-1.9249638817156092,2.1874961230690944
1,-2.401449513487786,2.352524280366786
1,0.44303087519327455,3.6926297155790837
1,-1.5293650735225506,2.941721624687608
1,-3.8288894999777154,0.1900721170329429
1,-1.8617244073970611,2.1905112943811584
1,-2.324090588409199,2.314480263431439
1,-0.5144114319690285,4.053468037339538
1,-1.6219058622970226,3.719740933391707
1,-2.6865881397777565,1.8059509667344453
1,-2.0451967476524824,2.3910512802696084
1,-2.9661690835649708,-0.1723167720412837
1,-0.29851424038159213,3.0807725634193046
1,-2.8565503263065244,3.3484693949369984
1,-1.801357369739476,3.360125548664848
1,-0.22748161823581237,4.009912954157599
1,-0.293948778461949,4.445162095265709
1,-2.4717063272227953,3.066565205096699
1,-1.1598537601892884,3.572685105724438
1,-2.012607827361901,0.7816743449651464
1,-1.3725564903921885,2.3122136072965165
1,-1.4960505823309207,2.2029913360827305
1,-2.6620751594127614,0.3952767411965019
1,-0.990804588470205,3.41015655991281
1,-2.3417653405649568,2.0420750181094123
1,-1.7583403137785223,1.6898007707354066
1,-1.1165015221722352,3.909557466365919
2,-0.934249032252968,-1.9950386101682096
2,-2.8391544050654733,-2.702666789857854
2,-3.4575578059352736,-3.3393342625553766
2,-2.3525203412189573,-0.7731446150109034
2,-1.9255570090640965,-1.6415539252616875
2,-1.4475707135841431,-2.5040620410731007
2,-2.243660240756144,-2.3782752979315185
2,-1.4870511634134473,-1.9148783677622423
2,-1.2878317547845852,-1.648187922211797
2,-1.3669235088403688,-2.7326551075433407
2,-1.8977998308112372,-2.4890680885575853
2,-1.8909130414349016,-2.5130521455960473
2,-1.0271999353353065,-2.638904716967339
2,-1.9875634231379797,-0.08688666398171896
2,-3.1350319899388124,0.467241014699161
2,-2.3411523795254343,-2.7037433675563762
2,-2.456881652504259,-1.3181464677641914
2,-1.778284407919202,-2.3248767936122263
2,-1.886462807344846,-1.532790807110821
2,-2.7257344235297123,-2.322228742289584
2,-0.07732236739307474,-3.147357107641712
2,0.11114478763307423,-3.0845226007906437
2,-3.7393632923367557,-0.7510021930540005
2,-1.177129631189028,-2.6580384651170785
2,-3.39395830767322,-2.1524685629493914
2,-2.0654313386712175,-0.6548566143594157
2,-1.839756183074786,-2.4570315107357756
2,0.08355284985721045,-3.8103619850206956
2,-1.6745481510698315,-2.564230658815127
2,-2.408676290135787,-1.0640240852834872
2,-2.6159064639643366,-2.054982380644013
2,-1.824917856033157,-1.7331105275975525
2,-1.9047845106894687,-2.1790234052563013
2,-3.1363964958384227,-1.557155165111281
2,-2.6206208456652655,-1.7377779641688278
2,0.0758474951957755,-3.0110939544443642
2,-1.31886856527149,-2.464414396270436
2,-2.4349269786932997,-1.7749046180032066
2,-2.438732854547766,-2.4203730650472273
2,-3.274684470206903,-1.326595759960209
2,-1.9411042696145664,-1.2304645012036084
2,-1.8633064120731457,-4.021307941865592
2,-3.3488568756002834,0.31518845534855666
2,-1.4920365283596153,-3.2794360753905765
2,-2.1098540697131223,-2.5799007259223377
2,-1.7890504621161978,-2.8705863252549
2,-4.030097133494784,-1.3696293649664963
2,-2.1580998447757773,-2.1890787484833134
2,-1.4771186656428115,-2.1916443066986457
2,-2.1551104840421704,-0.3408390636053711
2,-3.347328175771997,-2.9702313853666844
2,-1.7396260994188042,-3.1543491328027145
2,-0.7709658272586408,-3.4063089982844845
2,-3.294203739828439,-1.4718237130111869
2,-0.8551310464748973,-3.9080000090502858
2,-0.6594300227397545,-3.187769729959892
2,-3.352833493829844,-1.3427871610157505
2,-2.3898312875754195,-2.5126714383523394
2,-3.6884007675836163,-1.5953693348654792
2,-0.3586518938116239,-2.44009877782325
2,-2.575078661914321,-0.45582251983026434
2,-3.0389622519097266,-1.017958280234875
2,-1.2801986348723229,-3.9675904470031016
2,-0.9409106114734425,-2.843855308185399
2,-2.6740763363967046,-1.5549889480014811
2,-0.9848743145840773,-3.550780777451856
2,-1.9536710147842378,-2.972785163096403
2,-1.667499385979769,-2.337804288262985
2,-0.0441107310840394,-3.467206069886076
2,-3.0531695726953885,-2.424735898724595
2,-0.6508832953055124,-3.564560537485027
2,-1.184518205717426,-1.8752937738482243
2,-2.5030856955367358,-1.9144538030416847
2,-1.1079428382423073,-3.828162146755098
2,-2.871145629314022,-1.9288844778820637
2,-1.9713802919717638,-1.1292419271603102
2,-4.576665756340402,-0.4605754712849661
2,-1.9800330283466478,-1.839635417549962
2,-3.5059752427980344,-1.7702688803948279
2,-1.1740926167781485,-2.5069982159888884
2,-1.5450603452863851,-1.1740997982591526
2,-2.889918839771133,-0.7792665377703647
2,-1.0599102802630123,-4.420498313768613
2,-1.6971545469531497,-1.4119710031695507
2,-2.984228759566437,-2.4657057667061903
2,-2.46540280783701,-1.8036410629216664
2,-2.5628997913643077,-3.756052327475871
2,-1.6527836123718445,-2.072069083566009
2,-2.7541478993706234,-1.2597339122232896
2,-1.9493481128954726,-2.325961967698819
2,-2.135241908861003,-1.083934615671323
2,-0.9721143939722918,-2.541343421718989
2,-1.366328808617031,-1.5319331849050422
2,-2.753011386966785,-0.5362329819185168
2,-2.145897092082781,-1.1727464676391852
2,-1.9281020792590113,-2.2858091726891336
2,-1.430224636534918,-2.0558871011141164
2,-2.4895136518612615,-1.8036861355305656
2,-0.4093412297759025,-3.9135679312668956
2,-1.8338363760996559,-3.4898673684137727
2,-2.8231170351749024,-2.667611065970401
2,-2.3382929764560334,-3.205922681437084
2,-1.3428400697037182,-1.640092317909773
2,-0.5544600418228798,-1.0920222610998822
2,-1.2101917945318554,-2.290241291848775
2,-2.0898221306896634,-2.7956719791186453
2,-2.8239346137055583,-2.7363418818087677
2,-0.8281221523215949,-3.4285866828352414
2,-3.0071728507936877,0.46787101130734765
2,-1.6660798880554641,-3.116356132227577
2,-3.6337679500926257,-0.8783888459691755
2,-1.5720891292541423,-2.0051086209365567
2,-2.494464699184494,-2.8988258151692725
2,-3.317189291905103,-1.2710878289242484
2,-3.2500295572174505,0.8172765636615922
2,-1.6304910458825945,-2.5895849600382115
2,-2.5620902640695222,-0.5716653393239886
2,-1.6180590279349882,-4.158576212020325
2,-2.2857678902428344,-1.801001292889731
2,-1.1345249585034303,-2.6779469274698346
2,-2.396273057258885,-0.704760380147083
2,-1.2284129614691075,-3.391280462149188
2,-2.345397868409327,-2.3179862219130563
2,-2.9264840694771563,-1.223891732748489
2,-1.6369669430021832,-2.863031852612632
2,-1.9242137014786462,-0.5700536355843484
2,-2.102961652818943,-2.3251427258129285
2,-2.4962456922562,-3.1196982064973877
2,-2.5473241638449156,-2.6549525504320126
2,-1.3507458196893336,-0.8458071562261034
2,-0.8337884536069573,-2.311661494262051
2,-1.2198481423292096,-1.9956427083254296
2,-2.291324030503974,-1.5936672083788788
2,-2.4499687645019463,-1.122330346252161
2,-2.8721219156491156,-2.0295061019859326
2,-2.7295066143956195,-0.7527132543697284
2,-0.787041429333005,-2.8995907262982232
2,-4.0650932905998065,-0.0944211836225135
2,-2.0298581681909313,-1.6052408783551446
2,-3.340565722955531,-2.2669181032362027
2,-2.1903157853570345,-3.1416309098933803
2,-2.567464444585071,-1.3413998574706847
2,-2.618535707530066,0.012208354702392565
2,-2.0596825023734557,-1.4696720516921435
2,-1.9507345640676848,-3.047461289133788
2,-3.263699248357576,-1.1499560358745633
2,-2.0183291405790404,-1.4799765406978849
2,-2.2153793943516487,-1.1453813310051806
2,-0.7216444669058959,-3.0209953140808645
2,-2.103400329114693,-0.7778874668957225
2,-1.904650581716192,-1.590618111446548
2,-1.0143041280572662,-2.364347127619511
2,-1.0170577379510277,-1.9596027235014215
2,-1.0914999979906133,-0.5048271481805175
2,-1.6743337055794973,-2.6726054331571336
2,-1.5824217642841416,-2.5983371549425023
2,-1.9825485969225958,-1.3627642519093044
2,-3.170614494012664,-0.6878257877941456
2,-2.983365001526233,-0.5073795595366883
2,-1.1521206851203702,-3.65867763070621
2,-1.2493555277819761,-2.0158827376696684
2,-2.4554947789152144,-1.892738229239654
2,-3.2361676790982195,0.4595383831878115
2,-2.300317138291234,-1.50893649247733
2,-2.6061485943945044,-2.5062612534348445
2,-2.544427064668944,-1.2907331555107997
2,-1.1821286259890704,-2.2375495545314505
2,-1.0869724704326704,-2.402990946917789
2,-2.6622645721647835,-1.1080754682477902
2,-2.9089539523101573,0.06876784142264025
2,-1.8585653025286637,-1.7929362513998544
2,-1.0330194010090974,-1.280154029615006
2,-1.064661268047939,-4.273616726404617
2,-1.737979877216727,-2.008894431785649
2,-1.714654351327464,-3.204384618193573
2,-2.2270834184591846,-3.970557492083966
2,-1.4915316915971104,-1.5222853629169633
2,-4.040917610546035,-1.214655194934151
2,-1.44984060953192,-2.441031483794372
2,-0.6565782889691878,-2.890021329957195
2,-0.98912184816497,-2.8217094607050344
2,-2.2778649439403167,-1.5620464827377103
2,-3.2559779665184596,-2.6873585129887383
2,-3.752688095350374,-0.7030727263483809
2,-1.801516613738803,-2.911008656148515
2,-2.3943211608255863,-1.0308193656938271
2,-2.1643291715471493,-1.5785296734255962
2,-2.7269893465288493,-1.4367792654965625
2,-1.0344077989116067,-3.046994402207911
2,-3.65828048435683,1.614795043318169
2,-1.699008628628105,-2.390019323555921
2,-1.503351449256347,-0.7510912329014596
2,-2.175663388539756,-1.5129793030311338
2,-2.7692401105282634,0.27518749913098484
2,-1.8101533358060486,-1.604830256247709
2,-1.2137663960882326,-4.547970807483508
2,-1.2947627315544314,-1.8985384827202558
2,-2.372671769667692,-2.5761991792609704
2,-0.7724362901320228,-2.195072414835438
2,-1.39426374622041,-3.2887366293743647
2,-0.7422504739760369,-2.2342328490965278
2,-1.3831101418448166,-2.384938006835303
2,-1.6016816342733764,-0.6033080768207968
2,-0.8097548213188581,-3.169932512113956
2,-1.9216701941603411,-2.1447581338198938
2,-1.1068289026351468,-3.3419735357924267
2,-1.8990633788067228,-2.6092038397974333
2,-1.0388969960401102,-2.397328504282363
2,-0.6500977324525024,-3.1701238056475267
2,-2.505739868594536,-1.7331204553443655
2,0.1907364707653567,-2.7428548114738707
2,-1.498815081482983,-3.3229113211821937
2,-2.821162132094564,-1.2482799653237004
2,-1.1836943485590679,-1.046473482847854
2,-0.9150008042335847,-3.7966929300664543
2,-1.7022422098355738,-3.019779802402966
2,-0.808879768188528,-2.346404897511426
2,-2.5448709427542138,-3.5499784928935876
2,-0.9282821624589626,-1.8721323597433226
2,-2.327136830441504,-0.9625008964645863
2,-0.7815100703584201,-2.866532937244704
2,-2.8211760421006398,-1.3275031262928547
2,-2.9373091938165716,-2.9254729701925815
2,-1.7421040857549028,-2.430974530626154
2,-2.1220164268699575,-2.1617849292445666
2,-4.116056901030248,1.2782247448393376
2,-3.4311495616561523,0.8494024425314723
2,-1.2896271748828625,-2.565432302521539
2,-0.5774117010110851,-3.7697747262640418
2,-3.0088291608480175,-1.9377825806242377
2,-1.7637379607830919,-2.00420228338238
2,-1.49661067099535,-2.4753917183591385
2,-2.8642603082368208,-0.5117897496924857
2,-1.917891872557336,-3.5716015201983495
2,-1.325462974130461,-1.435632676927844
2,-1.4283084256738963,-1.6098973131826237
2,-2.7007818994116057,-0.4995998501734469
2,-1.6472283051080998,-1.4658917675665397
2,-2.6234395197040565,-0.7401845204718009
2,-3.783947894025761,-0.5227582402205422
2,-3.1133453533383406,0.23951282956533415
2,-1.5632041276954187,-1.2093577730839624
2,-1.227435037182896,-2.6964052101134963
2,-2.999905117379905,-1.1202139336077965
2,-2.2851856872462855,-2.916660629284614
2,-2.067279480743628,-2.3705730701069245
2,-2.179373914823268,-1.1094191245093263
2,-0.1638133369536865,-3.0037956122009817
2,-3.327881951889247,-1.3648252772250222
2,-2.978696138504133,-2.6931480976065156
2,-2.044144310455125,-2.939707801905193
2,-1.3286681273451693,-4.305739175947315
2,-2.7515470904787844,-1.103214359082831
2,-0.6533921153839197,-2.4964369325636353
2,-2.8927257013159133,-1.9514440082448892
2,-1.9734557568864803,-2.88635160196534
2,-0.1063377133188439,-4.352853767565945
2,-1.0359686462358528,-2.607934293636487
2,-1.5985795321029765,-2.1078243060761883
2,-3.6097363766286708,-1.2468977557141816
2,-0.8965763057522975,-3.727069816234776
2,-2.3047428759898443,-1.8351317826767028
2,-2.769670609363112,-0.6658554985976524
2,-2.6243751625455944,0.042664721752690316
2,-1.4323849249646647,-3.3573267328698195
2,-1.7390327514588952,-3.6637422609956554
2,-2.7505582854427315,-2.079476041718294
2,-2.643999046387319,0.536366421105197
2,-0.7437383599474829,-2.5852336704201324
2,-2.61678201633067,-1.9049030097622313
2,-1.570457947922225,-1.657195480827784
2,-2.185146177527425,-0.6043695672947729
2,-1.9380973475082268,-0.5562183438920387
2,-2.1937837338279196,-0.42222600423064094
2,-1.9939478530395056,-3.37560725126721
2,-2.901988105391863,-1.241194936269613
2,-0.8548046467703785,-4.470382581060629
2,-2.493508531763177,-0.8907641646079747
2,-2.5290416139762084,-2.487458540038283
2,-2.9421730250157547,-1.2044986172789658
2,-2.4239000837487,-2.36478793464068
2,-3.1125436604434613,-0.34852172152731087
2,-1.6190620965788296,-3.9283806494620257
2,-3.2483278289941087,-0.5904011400797922
2,-2.790768023933648,-2.455189825709714
2,-0.11331256095256403,-4.110613778260658
2,-3.4639492415949724,0.5603177827303449
2,-2.795121224410378,-1.415767254385036
2,-1.6296558390910842,-3.532090816053526
2,-0.6833433083894851,-3.242028957179301
2,-1.2984221481142588,-2.0361626589588893
2,-1.7305139546863098,-2.5222296150402777
2,-2.126902244932006,-1.6539229275377436
2,-2.9395796281858058,-0.8904228702284642
2,-2.685401017437613,-2.200163569925011
2,-1.974620856037238,-2.4780300315535437
2,-1.2728762984837363,-2.572855979277025
2,-1.6973039814832478,-2.1357821347292036
2,-1.7431682999476068,0.9719239838689275
2,-2.0719073576820692,-1.889690804824655
2,-1.3664703235302806,-0.7730975443673815
2,-1.2226440028649743,-4.670784988720682
2,-2.8423877296586575,0.1432680565749318
2,-0.17467279081041065,-4.811178812195774
2,-1.0708652420309646,-3.6135983823973548
2,-2.145548860514718,-2.383667040371676
2,-2.6297354616446396,-2.4953519736276624
2,-1.386590994878666,-1.6381100372019577
2,-3.7726301472346666,0.19740345485054123
2,-3.238370797627579,-1.7149172402250852
2,-1.1111467803398405,-3.0377500983534578
2,-3.0620423693373287,-2.12707521307466
2,-3.6160181557600417,-0.5055853483652228
2,-2.7441024667246334,-1.7664193495898166
2,-1.203068489554894,-1.7342894785459542
2,-0.7812547422748586,-3.7587415482744326
2,-1.5662323881583449,-2.531311072406721
2,-1.198327478138565,-2.671208560206984
2,-2.0737615126623283,-3.155834170877916
2,-3.025659100455208,-0.3781574480697043
2,-1.9890405297579759,-1.585328309438352
2,-1.1530545768020128,-2.4322533768696513
2,-1.6780527799936769,-1.0697494107566028
2,-1.5571428031776637,-1.9282193516494304
2,-3.057163158416354,-2.870643554921209
2,-2.7245019521711438,-1.9647042583184704
2,-1.933748448861507,-0.6526307506530538
2,-2.7862954213178064,-0.0021688683050227198
2,-1.259310097735132,-2.8385944340506115
2,-2.161675136504595,-2.135525778701339
2,-0.8098380000203249,-2.503939402019978
2,-1.8685932002375478,-3.0599409878062973
2,-2.140998346370637,-0.7668458865770136
2,-2.5050537566768583,-3.7530646793469615
2,-2.9046592390004715,-1.4223536235823757
2,-2.9344693862440887,-0.05780859887468037
2,-2.581131588979752,-1.8209173211393719
2,-2.3314621929793833,-2.274341568201359
2,-1.952860304962893,-1.659070394216918
2,-1.6754976561390142,-2.343313575530048
2,-2.509423045961965,-2.9834751206975723
2,-1.310289064203829,-1.3029510990744941
2,-0.8765318005725691,-3.5044826220223904
2,-2.278054966801701,-0.48961385609000585
2,-1.5893905936797013,-2.809690334666623
2,-3.052630010223419,-1.9848385732901777
2,0.1848815957304648,-2.312581376722331
2,-1.7145118084620457,-2.2740604971715235
2,-0.6889504336859742,-3.9459507454942075
2,-2.1273909327201945,-1.2384127727586431
2,-3.1116005218670333,-0.6812872112541697
2,-1.4801079440498768,-0.5818526592856459
2,-1.3212204757212809,-2.9036985541222644
2,-3.8750480687146416,-2.8922445338679355
2,-1.4442876273003469,-3.1205630618841838
2,-1.3871548885872231,-2.6927317869300738
2,-2.381163104331946,-1.70734415667595
2,-1.7923369816615593,-3.338240767811678
2,-2.6119740724696627,-2.1402134630943075
2,-0.45701096191128987,-2.705320139507394
2,-2.4406362278088145,-0.5016221122363076
2,-0.21657285202126864,-4.034304766709376
2,-1.7621096225054296,-1.8839900123069266
2,-1.9429335614775105,-1.13899628318831
2,-1.1109992887410942,-2.2112912991938685
2,-1.362973722526543,-2.055654940273764
2,-2.6788469589743205,-1.3713816515698949
2,-1.2749671720405678,-2.840334144778999
2,-1.8787169292454133,-3.8976609052988174
2,-2.9182570170310194,0.16392536891972798
2,-1.7999714552547799,-1.9733999837610412
2,-0.8097045877345732,-3.4298081270478877
2,-3.062999024687993,-0.979646679850309
2,-1.4437158356638387,-3.531783987619431
2,-2.257323542222081,-2.125226876113353
2,-2.723026894427866,-2.9891154984871506
2,-1.7305999229244513,-3.667346627938497
2,-1.4263569695430585,-0.8541295732899918
2,-1.179253331352459,-4.1427443449758625
2,-0.8098701189906208,-4.051125697784395
2,-3.112549225530828,-1.381478169260824
2,-2.8414765842084453,-1.1744461928364927
2,-3.2981589968664684,-1.7163917455915167
2,-2.132261049523563,-2.9111838506393237
2,-3.481808130700506,-0.9217766190008609
2,-2.108798791301394,-2.1705540500676213
2,-1.8706766973000635,-2.161102099832715
2,-1.29817388035059,-2.155904540663815
2,-1.6669621544994262,-2.6888626643688407
2,-2.3841638104970864,-2.410441370357487
2,-1.9164017124501436,-1.379704348961561
2,-2.059449696694273,-2.3143812145956684
2,-1.2181539675910744,-2.1680223606491644
2,0.31886517804748316,-2.3408190150755157
2,-1.8907745620694065,-0.5635717008580658
2,-1.7623983546695172,-3.369501022810956
2,-2.0725729037147937,-3.435670952667536
2,-1.1786676702170702,-3.8775460370192256
2,-1.7659926986166015,-0.6306020029051707
2,-2.093981732400971,-2.0307152412770333
2,-0.1128362153918312,-3.4053165884140806
2,-2.24401446022882,-1.2622602925325923
2,-2.4548738096046847,-4.1311144254301
2,-1.7290587987246706,-1.685806348901295
2,-1.3269486439165048,-1.4925771504518386
2,-1.895536917610911,-0.28636148864133326
2,-0.7023006255349651,0.3236595323476985
2,-1.0984055309563412,-2.796447382147116
2,-1.4315185636848873,-3.4346253691408215
2,-0.946754794499886,-1.6030641409872328
2,-2.112521523357866,-2.0077825972849204
2,-2.163678725264591,-2.7266462274135708
2,-3.074491106015939,-0.9654692741521562
2,-1.9225981019946723,-1.3520313270451334
2,-1.7059537438199712,-3.034097917565412
2,-1.1497032624686643,-2.0545535014836087
2,-2.8337543447695475,0.014135785307941795
2,-1.5161046332709092,-1.6766980076951725
2,-2.14370875983961,-1.444465385829369
2,-2.2997616539237256,-1.0657974104262724
2,-1.7162659201379098,-1.995451478452139
2,-1.9503733853651444,-0.6977090296525346
2,-2.0695375375343565,-3.6282389717889165
2,-0.6474703626106781,-1.393698916941052
2,-2.730170112147311,-1.3434837827958144
2,-2.5620289064691937,-2.2910721543966845
2,-2.972130118306407,-2.70267349399023
2,-3.3251202049264315,0.0809015928006307
2,-1.8237235437463801,-2.2998547390460544
2,-2.452342969098966,-2.1235530175369584
2,-2.3951641065329974,-1.4586405725232765
2,-1.3286953719827586,-2.184280107474491
2,-0.5944145356971784,-2.5222555742972332
2,-2.2385461121371866,-1.954252098005351
2,-2.257175694190316,-1.5729887719083357
2,-1.4441358233864627,-2.1753275593466244
2,-0.9210914272873909,-1.9217634709293747
2,-3.73118786059137,-1.6189152983775301
2,-1.5635215985205995,-2.6798042627262433
2,-1.0658128662339204,-1.9546964022437578
2,-1.3772082926327243,-3.3565614344142753
2,-1.3554838631991835,-4.2089792600404845
2,-2.162927222472689,-1.9835307340816284
2,-4.229259715666556,-1.7937023269745886
2,-2.1454848291036623,-3.079046096932665
2,-1.6000016288406944,-3.347345948589057
2,-1.0395007770471711,-1.8347393826432996
2,-1.7634085961304444,-2.4047629543070403
2,-2.9133400816026978,-2.8011237428934828
2,-1.041757136803856,-2.4778853310325255
2,-2.024620473261083,-3.9487847815348296
2,-2.5045942414667666,-0.3301067244398841
2,-2.830807018773176,-0.9484223194792718
2,-2.34271741714045,-2.1833960494425915
2,-0.6562284712758486,-2.176628659019324
2,-2.6483325310591654,-1.1943011913338775
2,-2.0006279178609017,-1.167966378015835
2,-0.850805005958311,-1.8474533087269591
2,-2.3789118156410853,0.28939565058580996
2,-1.1203569579758272,-4.718682831292009
2,-2.395730962747591,-2.33456997833706
2,-1.3053037230434774,-1.3193571033368467
2,-1.6633692431968874,-2.352746617845544
2,-1.5270859825839835,-2.5742409484545714
2,-1.1905986945565985,-2.013559970367111
2,-1.5362662230844344,-2.7983575275974304
2,-1.4405015790403772,-1.236888154997421
2,-1.0461213204271023,-1.3696106837689919
2,-3.0308682459744087,-0.5799276672840337
2,-1.7131923657504842,-2.1555243608499155
2,-2.661115921159541,-0.7036275003815902
2,-1.1193011430573534,-2.2289208055823715
2,-2.2277656554042706,-0.24049766677132567
2,-1.7349681722684698,-1.4030579035096666
2,-2.675607268251188,-1.0872404892814282
2,-2.310588011061,-2.7197278057278593
2,-1.6166488256764495,-1.7895410879990108
2,-2.994115554475806,-1.7163140747795216
2,-2.7245888467524084,-1.6312355883956817
2,-3.304357914342166,-0.9855124587357227
2,-4.081139372999113,-0.774570465850795
2,-2.218388463361603,-0.6846191082317992
2,-2.661167349545712,-1.1518517448365504
2,-4.010086983462016,-1.8262141349118968
2,-1.2895498582766327,-3.0707118357021352
2,-0.5025378173250217,-4.264999854353205
2,-1.50383644616027,-2.9415178205286896
2,-2.347048982388059,-2.85121379974946
2,-2.255726900503493,-0.8074607526369446
2,-1.319057044350893,-2.7694992937516782
2,-2.249592414409758,-0.7904542517876665
2,-2.3045071349841826,-1.2110375404372498
2,-1.3326885328573916,-2.31724510833402
2,-2.933707444316858,-1.7447901163453157
2,-1.4593128780991922,-4.940395550684199
2,-1.593131138706716,-1.2236861733877165
2,-2.9054567532015154,-2.3956606805564227
2,-3.4216674954335815,-0.056448020158073264
2,-1.6947262318064744,-2.7554443982982795
2,-2.158215975152839,-2.170775233558755
3,2.4857971857790098,1.3479840905699683
3,3.3627027061364583,1.264977325839651
3,0.41621833786552664,3.3727108473443828
3,2.6630318871080405,1.9573197734641594
3,1.7020268808977341,1.0791429435723692
3,2.506870219195509,1.3481682625912002
3,1.3348499907972986,2.78475497026409
3,3.3552809214324837,1.3306912063937029
3,1.0683993421215892,2.6932555787548242
3,1.7744641679727664,1.600587880666258
3,2.695805641302364,1.1860618796753108
3,1.8741538810288696,1.7486121446661405
3,0.7160375727887192,3.732323982754462
3,0.061131897611381936,3.189126998408393
3,3.3877853824702715,1.1976696709356545
3,2.48128894541918,1.7053961661927248
3,2.9143887827617276,0.7484348431485361
3,3.1496136806651243,0.6436423959870798
3,2.874225716569218,0.9506694303113108
3,2.4771774317115183,1.1313793237687062
3,0.9062585960403671,3.035880609109179
3,1.9940761787609438,1.8921604749587049
3,2.396403718609757,2.032571043475946
3,2.6296340112413947,2.310459481663869
3,1.7533722214658283,2.761098402953899
3,2.798247679143185,1.0337347376621069
3,1.6473553951740336,2.3073006132464204
3,0.6358839089679784,3.4894968965276747
3,1.3046850777417944,2.5766747260596983
3,2.2289305131692667,1.934203519661234
3,2.8171008835633455,1.1860322033319557
3,2.17470604098979,2.7021210484339946
3,1.0060352604689822,2.727380308853638
3,2.4803699513122255,1.0375483957958471
3,1.9768115461579459,1.9669985780676758
3,1.5968069540341636,3.3282003203744277
3,0.23433756652102566,4.028440899283073
3,1.7591105312318314,2.8231588054577674
3,3.416975095505803,-0.44363420054737635
3,3.001784404779544,0.6167650197499455
3,2.244045426940394,2.609509684189464
3,3.9704464341990837,-0.22752001120532084
3,2.164777121353857,2.1728610189155972
3,2.034936389330701,0.8531422346970978
3,2.035070234232552,2.569164266308275
3,1.5081701308365048,2.1895682798441527
3,0.8667709819540965,2.4800285241886924
3,2.3142233409605333,2.0733801988111416
3,1.6994888579385359,1.5052669911365641
3,2.922597559554321,0.6585833273461055
3,2.338307613641149,2.281802092119834
3,2.673558567684385,0.6832064209530384
3,0.48735679992814984,3.957683439078881
3,1.2395337155575001,2.528668112641419
3,0.593119831773812,3.424921689644197
3,3.213019724785494,1.3817407189780961
3,1.4905269694478003,3.256273487459918
3,1.8023063317152601,3.0752121436940856
3,2.9954244485567996,1.3141245943238344
3,2.725854552134215,1.1834908644193405
3,2.715424743266383,1.0563306043351468
3,1.6014268562085152,1.6725740156028888
3,3.4439349017982046,0.7759024222884285
3,2.4609272263637205,1.18739666074072
3,1.5267839558132668,2.784108838624393
3,0.5990413429689079,3.7132510348416754
3,2.0870053961198356,1.775266985152161
3,3.0683637867570974,1.6661976473315874
3,0.27810204675838035,3.931543732305557
3,1.6078999607457685,2.5920254425062166
3,2.809568872904332,0.08368273219831157
3,1.3912449632438746,1.886219218134817
3,0.974604777706193,3.143963267828558
3,0.34703080456210067,3.6492733374669784
3,2.215955546864309,2.04534935381226
3,3.3775141292019155,0.8156786474850521
3,1.8985734642543222,2.139473862324601
3,3.147799497358238,1.0290490811426312
3,1.7118404430744212,1.5883440168678655
3,2.8969535637030153,1.219543806233287
3,2.2887875498559493,1.8771633951590978
3,1.1958465427277991,2.8721229130296333
3,1.1192322277882152,2.757225280972625
3,1.9925042571351745,1.8038733421622404
3,1.290365964857132,3.000019285336255
3,2.402946331090816,1.5433147954364248
3,1.930408443874917,1.864374932327135
3,2.873895694092095,0.6846215663606889
3,1.6800648023234512,2.52136024353146
3,0.3669000402407401,4.053806729226498
3,1.3977799319265691,2.1496296793283958
3,1.1017519362292654,2.3291936506232496
3,3.198261363441951,0.3962413370390465
3,2.266383265904361,2.0557939621116903
3,2.068567448125895,2.727512418212809
3,1.917963871986331,2.122134690602934
3,1.9996115861234465,1.4513406566418259
3,1.6908040917232294,2.4783462231737703
3,2.3343747892432263,0.983269954719945
3,1.1877523594165358,2.89204825162894
3,2.48658281509453,2.0343466595573414
3,1.987329260907742,2.0640026090727517
3,3.517163409758991,1.0321853184257483
3,0.7481747169495079,3.474741199522602
3,1.9059738731498985,1.55031995583369
3,1.0926738446724995,3.423764697132682
3,1.4366030779461942,3.116404042292617
3,0.744141451638773,2.7527131331944874
3,1.6977798264117006,2.2406491677867244
3,2.0531319422439314,1.6747298381040672
3,1.431878012726572,2.076035147071353
3,1.9279010374696148,1.812496104245643
3,1.309592629487251,2.6584649101202236
3,2.829318377580093,0.14431014865717162
3,-0.45763433493697203,4.530147894019032
3,0.5488319580874217,2.590189054194317
3,0.9619638745727044,3.2612505166383885
3,1.1655676025117225,2.625184963474512
3,2.3145654829823794,1.4145718160181384
3,3.025524918990973,0.12842969175598085
3,2.144682412317327,2.039682417136423
3,3.6302364600523536,0.3215665175940179
3,1.9857486059846177,2.392563735052324
3,0.006225491417694462,3.297411258953403
3,1.336188567049111,3.2738531454827617
3,1.5210002213652662,3.1768863563832133
3,1.6682974677341953,2.553420103971471
3,1.2219187618576175,3.452339517373959
3,2.216001015407469,2.176523012600809
3,0.92846984910034,3.859111812993016
3,1.4220813990867804,2.8167343196666765
3,2.2156085310932605,1.6354358333843266
3,2.29549007194022,2.263251110960091
3,1.2072706334756882,2.6010766657768083
3,2.870169811942701,0.8030327623257141
3,2.3341737192597485,0.9346758000797493
3,2.3646896818541583,2.2298195947229327
3,2.5462294266994103,2.432910823687797
3,2.103976507704837,2.328345015356521
3,0.8825220591296381,3.7374946018660093
3,2.9763756138469937,1.217684171539787
3,1.2084394632416169,2.8666416966926125
3,1.982957387826667,2.5745386425944963
3,0.021042229783010624,4.28163474141567
3,1.464418192406025,2.243589487038113
3,-0.22677236143825397,4.031439711407033
3,1.0994469252315024,1.9135362063285555
3,1.4036927286008747,2.70699373126066
3,-0.4415977110236624,4.966683414419905
3,2.6360632979172585,1.6632901221462544
3,0.9385389703471863,2.7964094299260123
3,2.2765233191359853,1.1515190252722327
3,1.7028800422836206,2.4549077710983176
3,2.3848988173584353,1.5147495876875938
3,2.397614365511238,0.9083825666889156
3,4.455208373267204,-0.9129022417216008
3,2.813275567323178,0.7416888304722482
3,2.5441099197118167,2.0506549194200234
3,2.2356090424025448,1.7619072719882987
3,1.4574746272420547,2.6292186025287854
3,1.7887565975839754,2.299074874778282
3,3.0040813813493696,0.9053061197532166
3,1.5283385568055552,2.5138320750139744
3,1.9023820897367736,2.5624816476515626
3,3.501838776540433,0.39291162788442224
3,2.398012913988298,1.5646724713944937
3,2.2738738887412007,2.4877985887575336
3,2.219911105642151,0.8663779427229523
3,2.206276057182149,0.8592127940886831
3,1.9277043326069427,2.2242123310202704
3,0.4814190613001983,3.934925757065834
3,2.158770489762074,1.0248772312225025
3,1.520219838163607,2.157740693970634
3,1.2997713083988647,3.0110345682398365
3,2.5550627459308575,1.63402235770376
3,3.3783295642508184,1.5910039744532147
3,2.5251200048534663,1.4498675132265602
3,1.1384207369653623,3.023952558392695
3,1.3019967967224448,3.114419567806499
3,1.0359721264747919,3.276054252294628
3,0.7784679367634009,3.872884348151253
3,2.463511893246092,0.8537228491995512
3,2.5935904645871233,1.2330585797717788
3,2.362493793540291,2.4626575776832706
3,1.8210791510837911,1.9597316337187178
3,2.6567801284993893,2.1200323547319533
3,1.5577123351985371,2.952362151790986
3,2.431930918588806,2.6181028372593884
3,0.7834894738039095,2.1485747296402606
3,2.3325089158327614,1.1911976686131105
3,0.9318622043598044,4.21461293949783
3,2.5739362984383964,1.0609837480814284
3,1.28406000556889,3.069062236375248
3,1.5182268737214333,3.4209237311127936
3,1.5377136900572013,2.3359836468741118
3,2.1354290765098063,2.066760282689267
3,3.7150828257372277,0.17712926261342266
3,1.7268284736002077,1.2726733449123535
3,1.5887580222587556,1.62586164381691
3,2.4440563860109616,0.7984640962152585
3,0.6583402513582686,3.074040314077923
3,1.7673595056803748,2.5175416456079622
3,2.020030709460824,1.9020487403332027
3,1.2490578874897773,3.4686545285534747
3,1.6565902485942252,2.561413845831841
3,2.2008181789126358,1.3375664789353134
3,2.2577478275167704,2.1610601953077575
3,3.2357320408505994,0.44977797285315924
3,1.5851745516512485,2.8579965821653452
3,2.4866588382663055,1.5843390135103452
3,2.22475425614781,3.020290373969927
3,1.8307005152215474,1.4242971113961413
3,1.4943910508402305,3.2420810114069454
3,0.8746811837333024,2.5107907524760065
3,2.053670774232976,2.0551349207538046
3,2.6789706870256547,1.4321378590152807
3,2.9033352371682155,0.6912654544867851
3,1.9885959955306838,1.2539815901965647
3,1.8555839941436514,1.3575185107828194
3,0.5229065743078982,3.684750251936225
3,0.6580589719733001,3.1460313354978338
3,1.6529871086514507,2.468741905182857
3,1.6618522376058058,3.017963463651392
3,1.2377787557298603,2.168770718492367
3,2.72837783200878,0.34175936684299524
3,1.830766960431318,2.6955046966753073
3,1.8550926794852767,2.4977953525596583
3,1.9607505623758263,1.7021790559126668
3,1.444525606723766,2.4980514148705053
3,3.555187502653955,0.6827995346251754
3,3.2786605903452593,0.5235001486525648
3,2.173888233717172,0.9011012815268067
3,2.465442952583084,1.8700547574335147
3,2.8852050801776685,0.9318879397910476
3,1.829833649613921,1.5123000286624808
3,2.369469911080902,1.2701567504210467
3,2.3187915941277364,2.280003757373342
3,3.392365455683965,-0.20123997366041024
3,1.9178262881312276,1.0938650815885447
3,0.9769886252385698,3.5520725896257206
3,3.607913815353933,-0.09128920025334075
3,1.3112309887438311,2.0604854947209423
3,2.472671403399418,1.3372491613248974
3,2.8167823139687287,-0.5888300475651707
3,1.9286825058163568,1.0786817808109375
3,3.22225993692877,1.5282489549942024
3,4.003670963503128,0.6174432394301503
3,1.7782416945342983,2.5868324207667506
3,2.7011313345175467,1.7847357559660013
3,2.708555396123017,2.441043631615348
3,4.269086376836823,-0.23627908427294164
3,2.8032661983137377,1.4303030061791944
3,0.23454238363779467,4.334084376728325
3,2.3008270197105363,1.4277641878776648
3,2.3343795618816516,1.0211477551545327
3,3.4792385668737307,0.8245904616454294
3,2.248782869229917,1.2638239858546259
3,3.1384552641820025,1.4819360705090245
3,1.8217215565536264,2.1935825234560213
3,1.3354979514927856,2.4419562664888237
3,1.2519083376467357,2.948445360137281
3,1.9392935972611265,2.7699945139274185
3,1.932678309503295,2.0957666865746294
3,1.9518817803024981,2.0690987474562514
3,4.116458861135414,-0.6763360804382654
3,2.8881322401175917,1.026208860756228
3,3.1382038243259096,0.3148570501306358
3,0.427172314875935,3.952862817564582
3,0.7775509437872006,3.3406690569359294
3,2.4226599367740844,1.5727569676337274
3,0.6818144377261008,2.7180534561961807
3,2.5662510582092484,1.6697290183047522
3,1.3521205446158318,2.6941672642970746
3,1.194623194698043,3.356162242653409
3,3.431875201996487,0.5331342314919318
3,2.3835543296577857,2.1253682870319723
3,2.7476030682075594,1.097453768887195
3,1.5594304211080392,2.1793754228907156
3,0.09149957634478612,4.5530694067209465
3,3.270443084887223,1.4611913225352628
3,1.1722294625521958,3.3970668301121085
3,1.7532061975548594,2.871072189722495
3,1.0302715115974066,3.08964452871487
3,2.1196770897803727,2.6069653935553627
3,2.3575432280846456,1.8640568465574467
3,1.6921621589895022,1.605451994873221
3,2.6043757876451292,1.5751786319168664
3,1.1748935959350684,2.979788264633373
3,2.523894334315485,1.0479186989413463
3,3.009539182814624,0.1733320969098744
3,1.2763334398729747,2.4992204344507347
3,1.4618533150998543,3.5269643289784884
3,2.391254498226741,2.3141563918576376
3,2.795856222435641,1.463176638718576
3,2.2748412979747146,2.8148789889487658
3,0.8104399614687252,3.5558893275025634
3,1.6871734033459032,2.64069733186001
3,1.2611164875077177,2.909402959904549
3,1.1841634931478304,3.0096265347179925
3,1.5703524606442998,2.952115924586807
3,0.6077610431775653,3.8298398387635784
3,2.996591627163256,0.955770675526801
3,2.242607300871402,2.159237574944235
3,1.1369596924531442,3.0197675528469414
3,0.8342199049444701,3.3324173466128038
3,1.5474364585205154,3.6040232179569536
3,1.4079041696378314,2.9873841901110914
3,1.2865341691044438,2.596924118723122
3,2.206222449197647,2.2775613209489767
3,1.0364881790532239,2.3860206707230547
3,3.749718443127799,1.0760920763642345
3,2.9104371990862443,0.4639886339871966
3,1.9952726505926572,2.201109622037035
3,2.4405957122347424,1.5168453446505457
3,0.330051798043854,3.409765646355606
3,0.8031763414609232,2.1177810098177554
3,2.5244833572270693,1.97483978488788
3,2.247365085047739,2.301241842134405
3,3.1878051606267106,0.7032840503374882
3,2.5043426663679993,1.143010708095117
3,1.3707072603226218,2.707840087077067
3,0.9179044399418064,2.665983867841518
3,2.4180164210987765,1.2927928575681673
3,2.151555503298752,2.5886994865105293
3,1.943599734561185,2.038798603094761
3,0.7279478863124345,3.444618861717931
3,3.707918732893175,-0.2608245539075216
3,2.1215527960707417,2.1553299185833814
3,1.941170864315171,1.1614204103659702
3,1.7292004158185494,1.977473541304314
3,2.602772069602341,2.3657946263039578
3,2.320396172821942,0.9705353825527094
3,3.260307406963245,1.1436563439973573
3,2.9643369871174223,0.5091967824879478
3,2.4976386375318445,1.5085232782650784
3,0.46621354571312645,3.2077902762122825
3,2.130137884857836,1.7425163080941477
3,1.9727056977655726,1.924854922656504
3,2.292198221485829,1.3643382436065483
3,2.131445162167636,2.039268404340509
3,0.8620078255637358,2.5279376978390706
3,0.9047188375239954,2.642926652833111
3,1.3265874063877765,2.7827410697385213
3,1.796323588908666,1.1721926817464203
3,2.4732390402111006,2.071248240647156
3,1.3558666542016908,3.007629888222035
3,3.481568363317832,-0.687139026643182
3,3.050821589040933,1.4470626967170224
3,2.3989179219613797,2.198293812375689
3,2.2341984554737726,1.355980576446817
3,1.4507930625167642,2.497542453883856
3,2.3906293207460485,1.0447096455539597
3,2.3733231873429386,2.1982727780567797
3,1.3779993046635246,2.6636189226754228
3,1.287692689579504,2.986655459468096
3,0.6460721811410752,2.953818979099388
3,1.4777847503225714,2.5411420902769044
3,3.7845181773562864,0.06521098589998098
3,2.744874040995123,0.4943016385079271
3,1.698215298113113,3.5537050854509564
3,2.9923342493422442,0.7252986200428828
3,1.8425479139600835,2.437092646338021
3,2.126143906026295,1.8804358011027422
3,2.1309799138059837,1.9573172086743562
3,2.498460521049147,1.3013435498718102
3,1.3154628304983027,2.9776540277986507
3,1.868419919582446,2.050719192479545
3,1.5976419128337198,3.379617045640263
3,1.3149548482966193,2.8267876457947647
3,1.9242519207428364,2.7796724259839944
3,2.567196023851751,1.749956999330934
3,1.501753783442362,2.3445483244039917
3,2.685185128975481,1.550551572994431
3,1.5158765122580502,2.0015732789701453
3,2.3377093481811664,1.4741092769851931
3,1.5441290134739218,2.3976261031487054
3,2.3515001335786003,1.9590161310276126
3,1.8472354262477642,2.4710362284680523
3,4.038216221114857,-0.137414210535296
3,2.890094941144854,1.2430970024494559
3,2.7844596335098903,1.2625688304637095
3,1.1075023349172537,2.8738585917990944
3,3.733207711915358,0.36150706364233054
3,2.173023253813799,1.767578070077014
3,1.3194178641665362,3.2784233152868945
3,1.9197290587854952,0.9912268078423121
3,2.670460292951133,0.7565565267833079
3,2.2419513199278884,1.5854161801451743
3,1.6042191743670178,2.204989567335299
3,1.8466849121527389,2.1291480381196646
3,1.9744349125470018,1.9436491093044699
3,0.6401873861439518,4.350260112227353
3,2.5818042889730854,0.8460414482097365
3,2.501851678762014,1.2357026535320128
3,1.4137369589627249,2.848574870600005
3,3.030924986513296,0.9634058088147299
3,2.291133495657471,0.9718043836919137
3,2.4099365026284167,2.4461817789336524
3,0.9588385479441888,3.1999982596583756
3,2.2278136217508924,2.8806700052716945
3,2.700362029147011,0.9036828877497436
3,3.543317285402403,0.12643106869544285
3,2.7522575030052563,1.0477882450093965
3,1.8255443935627176,2.3464122996671652
3,2.5813575853634494,2.6048921784705596
3,2.7136240502176303,0.7237425292691013
3,3.2674082678880154,0.36518302467593444
3,1.4985583069480577,2.488495667157266
3,4.754947200336247,-1.2021380113996019
3,2.975113284466077,1.3787775773585433
3,1.733141270884153,1.574087479657887
3,1.4904941146855313,2.460214845178975
3,2.31437002433402,1.3442432075694493
3,2.102395313127271,1.5062478906030834
3,0.910202118692722,2.656000911343062
3,3.1046070865115163,0.8915650252864267
3,0.6206082628878373,3.742100022810875
3,-0.6448400505597673,4.3519022713975435
3,1.4576414081291742,2.5841613743550327
3,2.5116993341522824,1.2925135744431353
3,2.9933714140272656,1.1341382956228736
3,2.93822511267482,0.5236875318541268
3,1.9750000537084498,2.7779843067262173
3,1.8691398453236883,1.5103709564738714
3,1.1511011435914946,2.893759985670603
3,1.6131006372964125,3.2285766781017973
3,2.6505111755894113,1.7199450258675928
3,1.7528633879275042,1.4863188728735528
3,2.9521367584682543,1.9205521114288933
3,1.5276368172930153,1.882234328084396
3,2.1016286306047953,1.939845004067026
3,0.15085915182738008,5.318862716743459
3,2.869387593429373,0.9583657258583629
3,1.3827195871927196,2.596092706972632
3,3.0352533571082567,0.7762622149775713
3,0.918026044896955,3.405514752429779
3,3.993133897333422,-0.6510665374034583
3,1.5266014946981987,3.1577603386315793
3,3.2591107963014303,0.9730907239779272
3,3.2368007836849833,0.9127066228456062
3,2.5711868372327498,1.5346145962752826
3,2.26959807318815,2.2148810727168855
3,2.934869177615083,1.8509198125926891
3,2.974788018222127,0.8318372890599468
3,2.694106260618187,2.1934555928508526
3,2.565386971261023,0.8363122245275534
3,1.4850808722155027,2.549131726757145
3,0.29396495232767506,3.467471472883788
3,2.1741956331445147,2.1250624561805784
3,2.3807129536811242,1.8411794802188792
3,2.2620474118100105,1.5260656864377615
3,1.766126134575385,2.834135570416424
3,2.1324830476789627,1.78327307616892
3,1.7239316433306553,2.464379484815914
3,1.6558323653176876,2.5542994618903148
3,4.302741850104942,-0.16835630613726504
3,1.6549850619726427,2.05475721073483
3,1.8635860561983668,1.7224307021104392
3,0.8425071710201835,2.4187774644886484
3,3.6079897973849517,0.5843653529450019
3,1.2328361939594112,2.5544381300003733
3,0.6601851286086582,3.396358041607226
3,2.283355497392208,1.006106290464428
3,0.9862963342843667,3.463365594698847
3,0.032828834425105535,4.4016329578365685
3,0.8933048159080161,4.009786958649807
3,0.989547292507635,2.6160922996744245
3,1.6345363893373737,1.4575351572720165
3,1.424738043614756,2.938384943590724
3,2.898890651798909,0.6225487621383798
3,1.8149804544504387,1.7860464223432513
3,2.755764849118653,1.0955539842803188
3,1.6830531913980162,3.008329561872495
3,2.25262380075924,2.463481409129276
3,0.8730447928615857,2.9871221897050795
3,1.5744717783429683,3.1430163192018052
3,1.3247979383118875,2.189233860722713
3,1.20966165524027,2.152592557877678
3,1.8929641689629757,1.376059590359675
3,2.6816105774754493,0.5871515146410298
3,1.3725637587958357,2.4064800107675297
3,2.6271199749272034,1.507358688906378
3,0.7511582392696883,3.599106377773797
3,2.2842818109502856,0.5461674441181237
3,1.1983581850039187,2.247661193605557
3,2.5366723475916513,0.9331528102232267
3,3.1315997987774797,1.1061016030798339
3,1.0044194168906602,2.8424353542786314
3,2.641918177786457,1.8287288867843454
3,2.0069426158322305,2.328937320631821
3,3.2880381493290236,0.9700926709923616
3,2.1881846907540985,1.1316482072375322
3,2.4003402932210007,1.7873418109477397
3,2.8889858577596206,0.9763010494358608
3,2.747757187523292,0.6428860365703641
3,2.53076205401102,0.666373007295658
3,3.891918608724059,0.21712796500545184
3,3.0246737066381177,1.9069584980087613
3,2.1552000156202507,2.2922865998297683
3,2.5299012979325557,1.664757965155766
4,3.0197427608990703,-1.5062871055045688
4,2.0870082429469163,-2.0679564426842907
4,1.732067712746779,-2.2445741619410966
4,1.9219522354060659,-1.8127356329783317
4,2.4316346874668096,-1.6748127520686424
4,1.8342989232290037,-0.3780745135022181
4,4.1199462434752,-0.9150296636787969
4,3.430055345949339,2.3518192422685553
4,2.2444353090433125,-0.08781130744624877
4,2.6666560834234074,-1.7078595731324326
4,3.288801767083946,-2.044486375667933
4,3.6134470607040847,-1.7646828067916442
4,1.0986748881020256,-4.060596137268029
4,3.506419699039392,-1.8429704994765654
4,2.709054270827994,-1.5246543388864298
4,-0.4728863041964688,-0.2424455757032713
4,3.4159181992615917,2.3332940889116287
4,1.884806521817827,-2.6690931371959126
4,2.3952502741776387,-4.348783745349468
4,4.160467348825266,-3.6269566907185986
4,2.655928312918709,-3.2344831207251024
4,4.339312650709418,-1.1834470327169204
4,1.4703439536038634,-4.361489388316389
4,3.4235330445724723,-1.921425465755442
4,2.9712395257671664,-3.703125105278363
4,2.3697978411517124,-1.2201089735784545
4,1.3124550695844341,-2.498716870859018
4,2.632136401268745,-3.6112112259206794
4,1.8954237690787148,-0.19409872354905877
4,2.6421753029701365,-0.5432293244672921
4,4.363200277098079,-0.6174112289754441
4,1.4433598367433456,-2.615361015022801
4,3.8583501868244428,-0.43660725849243054
4,2.8684840069748625,-1.2472605357941275
4,0.01335033906514771,1.0210140102967777
4,-0.4564984637573719,-2.4253772245998273
4,5.408561012409474,-2.4356594826891547
4,2.5408742990534634,1.2335387920609588
4,3.243626991011178,-1.3756677293166741
4,3.4068050780226686,-1.361882862389046
4,1.285641229427175,-0.8851827352718034
4,1.5052645125535795,-2.878951467742237
4,2.584041159194647,-3.612519259798062
4,2.7342455973338398,-0.21768948438788183
4,1.8139370786629299,-1.8640276903418918
4,4.077836771927995,-1.5691240431236881
4,0.5076359253941485,-3.180829588773024
4,2.114924305334589,-2.19608528989094
4,-1.0679995637365125,-0.9926832116027435
4,3.323492652844725,-2.6866250401008474
4,2.757993163454204,0.007026076938633441
4,2.8963561532290925,-2.325702684346886
4,0.22445835098409694,-2.782535114381211
4,1.7067985471641363,-0.7436974909637697
4,4.383981371181688,-1.7072272916963032
4,0.9385826353358697,-0.2654644851678787
4,1.1699430053134174,-2.101209023366849
4,1.4335833548348664,-2.550143021058565
4,2.025701161602659,-0.5730183452658819
4,2.2893945793386847,-2.202822408084932
4,1.1117296636959404,-2.7485259097212373
4,1.4761808194681518,-5.126856171241807
4,3.4708216421781897,-1.926777949686299
4,2.6772142937933117,-1.2134621153693517
4,3.1186167372976152,-1.3003049525073331
4,0.08747353842579231,2.6143922336640975
4,-0.6554251800065498,1.035086408501647
4,1.9912213401733436,-0.6117640826401294
4,3.8168500094736877,-2.584316064409089
4,0.842365255999955,-2.7229053772703553
4,1.447741531738608,-1.6712638161682798
4,-1.7908509743524963,-3.4929394287038766
4,-0.19955997529513914,-2.163576740905185
4,0.17271599318661113,-1.7072867488805819
4,0.07648004092855509,-3.6236063975326247
4,0.22296869159448818,-0.7813617403213702
4,3.260822863000632,-1.1724539644355958
4,4.349505383491047,-2.7949025254682667
4,1.0822402054154963,-2.549355617509413
4,2.4890355226653256,-3.6097577960485223
4,3.1377860944171996,-4.617103042581045
4,2.3979065576688745,-2.807577203861349
4,1.704278516807196,-3.0336106576003505
4,1.4183885596439851,-2.9547944518059155
4,2.3833655459049314,-0.4550884631007581
4,0.7821183905148936,0.0267966874983383
4,2.7553374854350365,-3.1634417085035382
4,4.362623044382586,-0.6008721528184267
4,2.108206774159505,-2.674552224728901
4,0.03785939142019212,-3.8297717813740313
4,-0.7611028355251324,-5.02385934967749
4,1.9327912573484074,-3.736311131582123
4,4.138469235723189,-5.947093685954787
4,2.688725282206284,-2.780460937723327
4,-0.025104924367400194,-1.520080657455212
4,1.2526528418198413,-1.7770769061397091
4,1.1451045205270112,-2.027090377600651
4,4.526395945306067,-1.4801892916041033
4,4.212711013799224,-1.5483183607214384
4,3.107854069671559,0.9675653025324382
4,3.7890115762289893,-2.7776534195291167
4,0.30324618110184565,-3.0354998609725303
4,1.215486595222191,-3.670347352391361
4,0.5799215099817909,-1.1840539924016356
4,3.886065875168791,1.302219808726651
4,0.8473062763350099,-2.9357297350751215
4,2.040750765469734,-3.3878996569217366
4,4.129842287848246,-3.407577399077806
4,4.551557645841722,-2.879968989903544
4,2.0690679021544414,-2.3052768853726304
4,-0.07716950068645012,-0.9617181406053044
4,1.115799917048967,1.0203181236681265
4,0.15834218997154137,-1.965970773628534
4,0.9263634191309131,-4.228282223905568
4,0.06942189601973081,2.518928337709446
4,3.8605404466493005,-1.294454579622923
4,1.4813924097771887,-0.887115326517737
4,2.3592348393762412,1.3708564430403554
4,2.066952615080302,-0.9644571493544314
4,-0.5843309997987451,-3.590792113359928
4,2.6691758047303598,-1.3615664583744667
4,1.7318779804866586,-1.0288545648156355
4,2.7436274658178625,-1.0389751337229312
4,1.8727163814959318,-0.8648165111518307
4,1.9433208931304824,-1.4418091204924286
4,4.203073012468074,-0.41818924983655914
4,1.5237912788963177,-5.019382424902056
4,3.4380039037135255,-1.8489139020524081
4,2.9139938030242862,-2.861032235498482
4,0.9804979089733608,-2.4498424317562137
4,0.6358081240180959,-0.9281591607632103
4,0.5523673548687786,-2.1958328027149974
4,1.8810972060279036,-2.3933538500438267
4,3.9743390003766543,-2.045451606804366
4,1.895212755385812,-2.191201366756031
4,2.2890030622917843,-3.7483848278321776
4,2.402192684942462,-1.021889774098222
4,2.8122730255062183,-1.6690848760268278
4,4.00905551512592,-0.942267276477724
4,3.760654045801484,-3.671393631034391
4,1.886841971552468,-3.3917676022773566
4,1.3476050763075411,1.6328472447183948
4,1.6135856919417082,-3.24798163672234
4,1.406655008391286,-4.692581564425698
4,0.8389674617589578,-2.3075597414115427
4,3.6189851453993778,-2.9255119596337416
4,3.3240045208351847,-2.3224744307015373
4,5.406540796756733,0.01398105126229865
4,3.428023078112859,-1.7024617387806733
4,1.5673274481955548,-1.7017403531100317
4,0.555109930774687,-2.09292647068887
4,-0.0964711586571596,-3.7470609213317805
4,-0.4552451645152429,-0.12260417482759678
4,5.3075786701521785,-6.595773039363186
4,1.8984547833478325,-2.8435972608967384
4,3.5758851454544316,-2.3697351694383815
4,4.988421488099792,0.9674071291440902
4,2.3895310561597807,-3.5852557951433752
4,1.8005803221944934,-1.1090129997222833
4,4.870786005097765,-0.4018428097598927
4,3.170167136872937,0.9317100651967953
4,1.4332553638320658,-0.19155206923474255
4,2.394631828788161,-5.056088462918325
4,4.259437887817419,-3.131308818907915
4,6.091628650929563,-0.2548235440993827
4,0.16814513495297922,-3.6081967028507256
4,3.246581279899872,-4.828160562266941
4,0.7210815434974085,-2.335102416914484
4,0.6958847744627494,-2.8901898476455337
4,0.5303237825157014,-0.6947422422500946
4,4.668154655987173,-3.601366109379673
4,2.048893998636145,-4.818832943892119
4,4.776699796575258,-0.8425493690322146
4,-2.958524815761468,-1.5312025161218954
4,3.5017722570527865,0.14298677152201789
4,2.20988601575508,-4.303741939226464
4,4.563593460943471,-1.6994967548757505
4,1.0191537671770061,-2.1984836305204993
4,0.9584282256448677,-1.1656561586538108
4,0.9371400603486504,-3.6940716083043754
4,0.9281507285571668,-1.1220443093622752
4,2.1870505562304983,-2.6986456352535164
4,3.3766587052083836,-2.6198766137875973
4,0.9433543009390934,-3.830443694015464
4,2.169981518226209,-1.1531414642134648
4,5.014289786799656,-0.38879461402654125
4,-0.8660980923284911,-3.44881301209439
4,1.198457081249361,-0.1224899403576829
4,3.2745093543300627,-1.5816898500327201
4,0.6191246102015762,-0.435175752832873
4,2.6868897080463974,-1.0895950198162105
4,0.23856283779709742,-1.0086907380373769
4,3.2321008984238766,-2.7892393665682973
4,2.3357743480479964,-2.3853916386941387
4,3.2894907037772323,-4.381955058380525
4,3.414485543860697,-4.260992994449669
4,1.2275007837378562,-4.66253529025219
4,1.7665021144672346,-0.21093997366404338
4,0.23668756612634545,-2.5401881892415283
4,2.0963736643361,-4.215183669194581
4,2.427309686371249,-1.6424184707363358
4,2.7499378767626417,-1.9987935466442337
4,2.7268434077378845,-1.376539186616685
4,0.6091158819102915,-1.9447048447772484
4,3.8681842293684676,-0.47606165996131766
4,3.507331728824253,-3.8947686089739175
4,3.473530279089055,-1.7442002866818793
4,2.1324800511569877,-0.2710865088931371
4,-0.2392072857737495,-2.7245689142249145
4,5.091514523492689,-3.497181842340554
4,1.8459644428477573,0.10227515363929118
4,-0.21622922695942615,-0.10503144166653589
4,2.464288821117602,-4.438808800225916
4,2.1939806678844187,-4.014484444522006
4,1.2617625227886324,0.4906427069685497
4,0.5738610122637879,-1.778796460892672
4,2.2423055109411556,-1.666957953431066
4,1.5002184417721431,-2.2749894446214283
4,4.022378888014212,-3.8848799693778924
4,0.9210779843939654,-1.8325009105096273
4,2.84296832586779,-1.4306191699100619
4,-0.6745183055484256,-3.350319372866621
4,1.8837869347648435,-0.1592440511958162
4,-0.43780094131796865,-0.1021528235097795
4,1.0701837179007012,-1.9329177403717177
4,3.3895362956959927,-1.9804740192235715
4,2.677871076152223,-0.24018351605763621
4,2.7359020133008074,-4.0877397829579944
4,0.6091028809036731,1.2409828247207497
4,2.4456248536664877,-0.31115316792837255
4,3.5483393829798375,-3.8670699799403025
4,1.1386977887053882,-3.1301314516353926
4,0.8900950104560337,-3.949843457809456
4,4.081735404369507,-1.504455352169951
4,1.064162310856564,-0.060300713306317144
4,2.3599286612561,0.7033609220978922
4,1.9022021017199036,-0.2714872043820755
4,1.7164901332892069,-4.644586511917322
4,2.976384315290117,-2.1045541021981182
4,1.7281979199687993,-3.7379630040991927
4,5.1293747258473665,-5.423052316715999
4,4.403704664668289,-2.7284951733892355
4,1.043839400719616,-4.823050533126482
4,2.8984928346558796,-1.2129727592406097
4,3.097725712145656,-1.935416416077335
4,3.1808493494962256,0.5194921726790818
4,1.6155177041815678,-1.9771276917472138
4,3.1265518883518206,-1.3761276176812083
4,0.8882825410158248,-2.5755446483564954
4,-0.5984503961159833,-2.73943656259258
4,4.3855487318033095,-2.942040932920208
4,2.833844524466035,-2.0487528688675427
4,0.05233552123955376,-3.219955328065465
4,1.9306871138677606,0.3535239346292678
4,3.4061351917585543,-1.0469909386611644
4,0.6984887216980822,-0.4933269096585089
4,3.1437055876220277,0.901679025452256
4,5.130522723104603,-4.157612580502818
4,2.009638152385706,-3.0463600341832766
4,2.101481181038412,0.1243841736666309
4,2.3745702105095896,-2.8376439344344795
4,1.266904302396148,-2.2465875521910323
4,4.593913362512533,-2.308185639395845
4,1.4976564225757065,-4.360112898014551
4,0.8069315797836172,-0.6747609925868332
4,3.1835609216414538,-2.6479121295325823
4,4.4311865060012465,-1.3746384568193462
4,-1.7206740344645288,-3.9455338783682206
4,1.669376663285548,-3.787159180659459
4,3.8042897475404,0.15483208779221203
4,3.726817220187259,-1.5725860150351645
4,2.4757103210154576,-4.547772287754584
4,-2.744919403969056,-2.2187644830001716
4,2.476821143395126,-1.5630035463788032
4,0.9092311503988653,-1.9365896327712702
4,3.049643283847418,-4.226067480400228
4,3.448908195282237,-3.0803839987652797
4,0.6384491412092799,-1.8913021960833725
4,1.3633057569365021,-2.527837424014881
4,-0.15543874595970086,-2.8984896097863384
4,1.0898433817429618,-5.687346735029271
4,2.356576369432059,-1.4498144280310377
4,1.1811329810522593,-0.5045158137312373
4,2.3010395236538157,-0.6628523276408855
4,2.9606315971412718,-0.8575340594007546
4,3.16657868997547,-1.9605376228035438
4,2.874964443778176,-1.245448524929634
4,3.02305609088713,-2.629074705395984
4,1.9645687747363498,-0.5305212057323396
4,2.3668659003076056,-4.050371244184758
4,3.145413529673542,-3.4399309516226815
4,-0.37522034897029277,1.3952099719319402
4,1.358392842025085,-0.16691562722952957
4,3.2477941430692803,-2.928506499366141
4,0.3906585310228292,-1.3451202119001118
4,2.410949588724661,-1.9849129432595798
4,3.837568385203885,-2.6769759056710942
4,3.8937820159260674,-0.6307994578516547
4,1.6513385515473222,-3.2821793814161686
4,0.08520647983653018,0.3780488797875208
4,3.465103036636977,-2.686183048144829
4,3.388912041987445,-3.8465736198950564
4,-0.6596875806205467,-2.7761226674703536
4,2.7766548135054383,-1.1070264769498732
4,1.6253397853988267,-5.162147208979361
4,0.011050176351194319,-1.3481681608461962
4,4.843835093356757,-1.2933148657697795
4,2.1302302439986227,-0.06193455759407529
4,2.7893959155377646,-3.9573653089659393
4,2.034643955516607,-1.3727873443829468
4,3.733942092983746,0.5177085622099011
4,2.104776115810706,-4.677519171420609
4,1.8273494698300357,-1.5293496034974194
4,4.623695040153462,-1.4848803928830372
4,-3.041969296226023,-1.044748298120697
4,1.6138926131583173,-1.4831179387753273
4,3.2083766208032394,-0.9554567254222979
4,4.403380488185412,-2.329461954897582
4,-0.28867148412415444,-0.5353742296290065
4,1.9362203149884836,-1.4313255349270793
4,2.0964152685112833,0.7813100656317724
4,2.218489538250095,-2.779318829161204
4,2.7048617032782807,-2.1202949849014643
4,3.8946138425847865,-3.0590958758106326
4,1.5034062661105025,-1.421253796386177
4,1.2791743709625647,-2.451321608285865
4,5.2926476579509565,-0.06905810112806354
4,3.7994366123820256,-0.31433011260437604
4,-1.7130606310612033,-0.738075912368712
4,4.132995558169645,-4.356003390244501
4,1.948169654862055,0.19409455613438542
4,3.9917449412862576,-3.331788263787729
4,1.5399665099958786,-5.16547426370129
4,1.4200520236739214,0.43447869338986367
4,0.7577013026604584,0.1630150100085226
4,1.784243433245402,-0.5517854726515097
4,-1.3585092851641147,-2.0474264330952208
4,2.7612899293455064,-3.171011693149021
4,0.8176906232607144,-2.1245864557388576
4,5.134016151950544,-1.3725271804852905
4,2.9750548584295062,-1.2857245555811074
4,3.9351241528892476,-1.860385000105315
4,5.005990140779843,-0.4750620546649673
4,1.819534163222715,-1.699289803184311
4,5.1146132364001105,-3.674779008411152
4,0.7571449324331803,-3.2245346269849042
4,0.9958046472083149,-0.27217011298030824
4,1.6311244661820288,-2.2287121145433852
4,4.022956417425224,-3.505018278606715
4,1.6563532157220808,-0.45810266322307736
4,2.1801726684842393,-3.985297175349686
4,3.8552240184763527,0.32030814528116824
4,2.6438685010368745,-0.07869204324920798
4,1.6347975878656524,-2.2995934070417516
4,4.12536916690131,-5.53424984012116
4,1.7541158843175078,-2.3739289458208788
4,2.3570117468025407,-3.3797029773921716
4,3.6299392816170775,-0.5496361525123927
4,1.1607090360009003,-0.9614823223662745
4,1.8825256104257255,-2.018657563353537
4,-1.1478631029275572,-4.143216721692349
4,-0.08378463215449727,0.2486511150855768
4,-0.40123936371443625,1.2504418056100568
4,2.485666208494857,0.6372055110686379
4,1.3384345652461485,-0.19679833115504075
4,3.2856507922666953,-1.6994896092370728
4,1.1430636827731324,-3.35035205108529
4,1.0611689434238323,-2.4429293125547056
4,1.4502026211471648,-4.5207719810855895
4,3.4828602117899874,-2.4520605340190054
4,4.711358832600881,-2.7209074109156006
4,0.18642158922846952,-3.375776501244961
4,0.8679777283300547,-2.7346855207572784
4,2.078578387608405,-2.0022101220841226
4,1.29135249374747,-1.4514244135566359
4,2.605988461107305,-0.8017406818601089
4,1.9163660112007872,-5.254618724294571
4,1.0725012559534266,-0.9492339149238707
4,2.565902303419435,-4.091983682914596
4,2.272476833855347,-0.07903965192681928
4,1.1625236262083423,-2.554592256676883
4,2.5690852032117473,-0.6188916829525648
4,1.3850850810799165,-0.7729910194092382
4,6.327155003957011,-0.023178271029987707
4,3.7918728990652175,-5.57867456886386
4,1.1209926699010417,-1.7100439913066185
4,0.2526336769644959,-2.3616436945739343
4,2.863933725872792,-0.8907804068349852
4,1.949280094063416,-3.10270536302677
4,0.9522123035611909,-1.3076743404233082
4,1.626396279743271,-0.3233416923807111
4,1.536987270087928,-3.3856750955022914
4,2.843925812614223,-0.8740814211244541
4,2.202198061046494,-2.9801406456624204
4,2.5353449650324076,-3.4454617067403834
4,1.239513947340197,-1.3552855589816146
4,3.6068619352393014,-3.429172557594417
4,0.10611175807333884,-1.8926985215196954
4,2.4642543413479827,-4.997700629103825
4,0.7992258617515537,-0.8856681076201023
4,3.1967104432271984,-2.0658423064953
4,2.789253484555549,-2.5243309042580377
4,1.1545300577052182,-4.114160741179992
4,0.9520450419650726,-4.22426060133658
4,-0.5800676644583476,1.3978559456950834
4,2.713025217936366,-1.6553201954871595
4,2.0050788053606623,-6.125196030444329
4,3.117406985533118,-1.254594289661098
4,0.5618281833775658,-1.584080296215732
4,2.89821449172128,-1.4798594698405978
4,0.22604548070702446,-0.1906539926766848
4,2.489476916760057,-2.7773920344511183
4,1.1931655662818343,-2.9132088237201668
4,1.089232897439309,-2.3778183998424476
4,-0.33213799634502106,-2.2765789735718487
4,4.158916399658029,-2.1272067590681734
4,1.7405386057998482,-3.1566852619688297
4,-0.2063639650156457,-4.190130974120212
4,2.90920637300001,-5.191544305207801
4,0.30801172901521645,-2.8893677144001173
4,2.6858788575241124,-1.985661949768714
4,2.328369571611589,-0.8358513973431008
4,-1.4343128918359214,-0.773117441674505
4,-0.9622965277614308,-4.138454304868402
4,0.978803003948371,-1.9094433314401738
4,1.261397597414621,-3.723369920530299
4,2.1857546042804823,-1.8110607209644674
4,-0.21030576906245946,-2.565940128937782
4,3.924416228694567,-4.4635768996616445
4,3.950322634820874,-1.4181204692357356
4,2.2991897463408733,-3.09730173216525
4,1.6478579947513652,-0.8975952915428043
4,3.241566018012631,-1.438371070034982
4,1.7904909879868431,-0.8475235313011169
4,-1.5219761568465655,-0.4716183252563255
4,4.677685604998668,-1.535521062173787
4,1.60398494618856,-4.03827617316594
4,2.3275577624753403,-0.35814690297995067
4,1.5375207329809717,-2.154170591339075
4,-0.8630120885283326,1.8819410385436557
4,2.3735340845916344,-2.7223280129985823
4,1.4453885881281956,-1.4443918460500007
4,2.334632249064275,-2.5815617942038718
4,3.585332333210988,-2.7800498800995452
4,1.5349115081381053,-1.2900249277821387
4,1.9520035898628805,-3.858067380933673
4,1.2686419364482373,0.039665193345469696
4,3.4873994305608074,-1.060097531631838
4,5.41565437493044,-3.091536376285841
4,6.475797169577907,-0.5952363088716022
4,3.328189549950256,-0.8144529140824046
4,2.644987171434251,-2.5861583245705315
4,1.8216089436254959,-3.1000723705399325
4,1.2368782000010872,-1.2750273336967362
4,1.1954380205360051,-1.5926827994002493
4,-0.8039804615567996,-2.8865063058558196
4,2.449319327456431,-0.18660884301424763
4,-0.23678087140280857,-1.5903377567269004
4,2.188243393298868,-1.32030151663792
4,-0.06192304104359447,-0.9147709409125437
4,1.8829256959538236,-2.949315534059175
4,2.7872541964705597,-2.1546431501288095
4,1.751483522310441,-1.6180109061746673
4,-0.38321923324185914,-1.5716233341992547
4,1.8452517549220733,-2.5338905917444294
4,2.5368340874713935,-1.9606241328729272
4,4.620281233376971,-1.6287352416669236
4,0.718414993990804,-2.968712955906686
4,2.1898372385326743,-3.7518582666446694
4,2.4244333403707676,-2.9694928887171885
4,1.8628956775601961,-0.828616949716128
4,-0.18670038662579502,-1.9823326649804718
4,2.3387716920219837,-3.6553289605162544
4,0.8095577832687653,-2.6495208590835295
4,3.0252122235612617,-0.8341950049628111
4,2.898230311001999,-2.2644188615429277
4,-2.5277020152821565,-1.1383022832081238
4,1.0576685926144687,-0.9613682098457197
4,0.8765228144858506,-2.2868999850047285
4,3.2774253120455414,-0.3355030585065739
4,2.2027235671722085,-4.626917004822164
4,1.32744312502518,-3.7716943160722574
4,2.018886170201218,-0.08568147791280767
4,2.9148343092617193,-3.8218803231420013
4,2.5719884225457297,-3.917139305781809
4,1.6411741892065312,-1.2771191892819909
4,2.2495765885302563,-3.6851374963592796
4,2.607638097688441,-0.9380460863508375
4,0.43674627394599064,-2.485606270508888
4,1.0363914286770166,-3.118768814053003
4,2.0744765042229028,-2.4595733513185345
4,4.27461134469489,-2.9133079730880023
4,5.478614303536844,-2.23346727041741
4,-3.03306143579972,-3.7319792820739766
4,0.45774416899998593,-1.5968281800184814
4,3.2585233492756025,-0.3625425596227423
4,1.8459507822360204,-2.559016058998526
4,0.3520443473800223,1.5731251100081485
4,1.9188948550703446,-2.811434298384564
4,0.7765422704436593,-1.2588548813831537
